0 1 309 168 407 238 0
0 2 407 180 468 220 0
0 3 465 180 510 207 0
0 4 718 153 748 186 0
0 5 497 175 533 202 0
1 1 289 169 395 242 0
1 2 396 181 461 224 0
1 3 459 182 505 209 0
1 4 719 154 749 187 0
1 5 493 175 530 204 0
2 1 266 169 382 248 0
2 2 384 183 454 227 0
2 3 452 183 500 211 0
2 4 719 155 749 188 0
2 5 488 175 526 205 0
3 1 239 169 367 253 0
3 2 372 185 445 232 0
3 3 445 184 495 214 0
3 4 719 156 750 189 0
3 5 482 176 522 207 0
4 1 208 168 350 259 0
4 2 357 184 436 233 0
4 3 437 184 489 215 0
4 4 718 156 750 189 0
4 5 476 177 518 209 0
5 1 172 167 331 266 0
5 2 341 183 426 235 0
5 3 428 184 483 216 0
5 4 717 156 749 189 0
5 5 470 177 513 209 0
6 1 129 166 309 274 0
6 2 323 183 414 238 0
6 3 418 183 477 216 0
6 4 716 155 749 189 0
6 5 464 177 508 210 0
7 1 79 164 284 283 0
7 2 303 183 402 242 0
7 3 408 184 469 219 0
7 4 715 155 748 189 0
7 5 456 177 502 211 0
8 1 18 163 255 295 0
8 2 280 184 389 246 0
8 3 396 184 462 221 0
8 4 714 155 748 189 0
8 5 448 176 497 212 0
9 1 2 160 222 309 0
9 2 255 183 373 249 0
9 3 383 185 453 223 0
9 4 712 153 746 187 0
9 5 440 176 491 213 0
10 1 2 157 181 327 0
10 2 226 182 356 253 0
10 3 369 183 444 223 0
10 4 710 152 745 186 0
10 5 431 175 484 213 0
10 6 465 182 504 209 0
10 7 481 177 523 206 0
11 1 2 154 132 351 0
11 2 192 180 337 257 0
11 3 354 182 434 223 0
11 4 708 150 743 184 0
11 5 421 173 477 213 0
11 6 456 181 498 208 0
11 7 474 176 518 206 0
12 1 2 150 74 373 0
12 2 153 183 316 267 0
12 3 338 183 423 227 0
12 4 706 152 742 186 0
12 5 410 174 469 216 0
12 6 447 182 491 210 0
12 7 467 176 512 207 0
13 1 2 144 2 373 0
13 2 107 186 292 279 0
13 3 321 184 412 231 0
13 4 705 154 741 188 0
13 5 398 175 460 219 0
13 6 438 183 483 213 0
13 7 459 177 507 209 0
14 2 53 185 265 288 0
14 3 301 185 399 235 0
14 4 703 154 740 188 0
14 5 385 175 451 221 0
14 6 429 183 476 214 0
14 7 451 177 500 211 0
15 2 2 185 234 299 0
15 3 279 187 385 240 0
15 4 701 153 739 188 0
15 5 372 176 442 223 0
15 6 419 184 469 216 0
15 7 442 178 494 212 0
16 2 2 187 199 316 0
16 3 254 187 370 244 0
16 4 700 153 738 188 0
16 5 359 176 433 226 0
16 6 408 184 461 218 0
16 7 434 178 488 214 0
17 2 2 189 157 337 0
17 3 228 188 355 249 0
17 4 698 153 737 188 0
17 5 344 176 424 229 0
17 6 397 185 452 220 0
17 7 426 179 482 215 0
18 2 2 191 107 365 0
18 3 197 189 338 255 0
18 4 697 153 736 188 0
18 5 328 177 413 232 0
18 6 384 186 443 223 0
18 7 417 179 476 217 0
19 2 2 191 47 373 0
19 3 162 190 319 261 0
19 4 696 153 735 188 0
19 5 310 177 402 235 0
19 6 373 186 436 224 0
19 7 408 178 469 218 0
20 2 2 191 2 373 0
20 3 122 191 298 268 0
20 4 695 152 734 188 0
20 5 291 177 389 238 0
20 6 360 186 428 226 0
20 7 397 178 462 219 0
20 8 462 181 505 208 0
20 9 485 181 522 204 0
21 3 75 192 273 277 0
21 4 694 152 734 188 0
21 5 269 176 375 242 0
21 6 346 186 419 229 0
21 7 387 178 455 221 0
21 8 455 181 500 209 0
21 9 480 181 517 205 0
22 3 18 193 245 287 0
22 4 692 152 733 188 0
22 5 244 176 360 246 0
22 6 331 186 410 231 0
22 7 376 178 448 223 0
22 8 448 181 495 210 0
22 9 474 181 513 206 0
23 3 2 194 215 300 0
23 4 691 152 732 188 0
23 5 217 176 344 251 0
23 6 314 187 400 233 0
23 7 363 178 440 225 0
23 8 441 182 490 212 0
23 9 468 181 508 207 0
24 3 2 196 179 315 0
24 4 690 151 732 187 0
24 5 187 176 326 256 0
24 6 295 187 388 237 0
24 7 350 178 431 227 0
24 8 433 182 484 213 0
24 9 461 181 504 208 0
25 3 2 198 136 335 0
25 4 688 150 731 186 0
25 5 151 176 306 262 0
25 6 275 188 375 241 0
25 7 335 178 422 229 0
25 8 425 182 478 214 0
25 9 455 181 499 208 0
26 3 2 200 84 361 0
26 4 687 149 730 186 0
26 5 110 175 283 269 0
26 6 252 189 361 245 0
26 7 319 178 412 232 0
26 8 416 182 472 215 0
26 9 449 181 494 209 0
27 4 685 149 730 185 0
27 5 62 176 258 279 0
27 6 226 190 345 250 0
27 7 302 178 401 235 0
27 8 407 182 465 217 0
27 9 442 181 489 210 0
28 4 684 149 729 185 0
28 5 3 177 229 291 0
28 6 196 191 327 255 0
28 7 282 178 389 239 0
28 8 397 182 458 218 0
28 9 434 181 484 211 0
29 4 682 149 728 185 0
29 5 2 178 194 306 0
29 6 162 192 307 262 0
29 7 262 179 377 243 0
29 8 386 182 451 219 0
29 9 427 181 478 212 0
30 4 680 148 728 185 0
30 5 2 180 155 323 0
30 6 124 193 286 269 0
30 7 238 179 363 247 0
30 8 376 182 444 221 0
30 9 419 181 472 213 0
30 10 498 177 530 199 0
31 4 679 148 727 185 0
31 5 2 181 109 347 0
31 6 79 194 261 278 0
31 7 212 179 348 252 0
31 8 365 182 436 223 0
31 9 410 181 466 214 0
31 10 494 177 527 199 0
32 4 677 148 726 185 0
32 5 2 183 52 373 0
32 6 25 196 232 289 0
32 7 182 180 332 258 0
32 8 352 182 428 225 0
32 9 401 182 460 217 0
32 10 490 177 524 200 0
33 4 676 148 726 185 0
33 5 2 186 2 373 0
33 6 2 198 199 301 0
33 7 146 181 313 266 0
33 8 339 183 419 228 0
33 9 390 183 453 219 0
33 10 485 177 520 201 0
34 4 674 148 725 186 0
34 6 2 201 161 317 0
34 7 105 182 292 274 0
34 8 324 183 409 231 0
34 9 379 183 445 221 0
34 10 480 177 516 201 0
35 4 672 148 724 185 0
35 6 2 203 114 337 0
35 7 56 184 268 285 0
35 8 308 184 399 234 0
35 9 368 184 437 223 0
35 10 475 177 512 202 0
36 4 670 147 723 185 0
36 6 2 207 58 364 0
36 7 2 185 241 297 0
36 8 289 185 387 238 0
36 9 356 184 429 225 0
36 10 470 178 508 203 0
37 4 667 147 722 185 0
37 7 2 187 211 312 0
37 8 269 186 375 242 0
37 9 343 185 420 228 0
37 10 464 178 504 204 0
38 4 665 147 721 184 0
38 7 2 188 175 331 0
38 8 246 187 361 247 0
38 9 329 185 411 231 0
38 10 459 178 500 205 0
39 4 663 147 721 184 0
39 7 2 191 134 355 0
39 8 220 188 346 252 0
39 9 314 186 400 234 0
39 10 453 179 495 206 0
40 4 661 147 720 185 0
40 7 2 193 83 373 0
40 8 192 189 330 258 0
40 9 296 187 389 237 0
40 10 447 179 491 207 0
40 11 849 155 872 195 0
41 4 659 147 719 185 0
41 7 2 186 22 373 0
41 8 158 191 312 265 0
41 9 277 188 378 241 0
41 10 440 179 486 208 0
41 11 852 154 875 195 0
42 4 656 147 718 185 0
42 8 120 193 292 273 0
42 9 255 188 365 245 0
42 10 434 179 481 209 0
42 11 854 154 878 195 0
43 4 654 147 718 185 0
43 8 75 194 269 283 0
43 9 231 189 350 250 0
43 10 427 180 476 210 0
43 11 857 154 881 196 0
44 4 652 147 716 185 0
44 8 24 196 244 293 0
44 9 203 190 334 255 0
44 10 419 180 471 212 0
44 11 860 154 885 197 0
45 4 650 147 715 185 0
45 8 2 197 215 305 0
45 9 174 191 317 260 0
45 10 412 180 466 213 0
45 11 863 154 888 198 0
46 4 647 146 714 185 0
46 8 2 199 182 320 0
46 9 139 192 298 267 0
46 10 403 180 460 214 0
46 11 865 154 892 198 0
47 4 645 147 712 186 0
47 8 2 201 142 339 0
47 9 100 193 277 274 0
47 10 395 181 454 216 0
47 11 869 154 896 199 0
48 4 642 148 710 187 0
48 8 2 204 95 363 0
48 9 53 194 253 283 0
48 10 385 181 447 217 0
48 11 872 154 900 200 0
49 4 639 149 709 188 0
49 8 2 207 39 373 0
49 9 2 195 226 293 0
49 10 376 182 441 220 0
49 11 876 155 904 202 0
50 4 638 149 708 188 0
50 8 2 212 2 373 0
50 9 2 197 195 306 0
50 10 366 182 435 222 0
50 11 880 156 909 203 0
51 4 636 150 707 189 0
51 9 2 200 160 322 0
51 10 356 183 428 224 0
51 11 884 156 914 205 0
52 4 635 150 706 189 0
52 9 2 202 120 342 0
52 10 345 184 421 227 0
52 11 888 157 919 207 0
53 4 633 150 705 189 0
53 9 2 205 72 367 0
53 10 333 185 413 230 0
53 11 893 156 925 206 0
54 4 632 149 704 189 0
54 9 2 203 15 373 0
54 10 321 184 406 230 0
54 11 898 154 931 206 0
55 4 630 149 703 188 0
55 10 308 182 398 230 0
55 11 903 153 937 205 0
56 4 628 149 702 188 0
56 10 295 183 390 234 0
56 11 908 155 943 208 0
57 4 628 149 701 189 0
57 10 280 184 381 237 0
57 11 913 154 949 209 0
58 4 627 150 700 189 0
58 10 264 186 371 241 0
58 11 918 154 956 210 0
59 4 626 150 699 189 0
59 10 246 186 361 245 0
59 11 924 154 963 211 0
60 4 625 150 698 189 0
60 10 227 187 351 248 0
60 11 930 154 970 212 0
61 4 624 150 697 189 0
61 10 207 187 340 252 0
61 11 936 154 977 213 0
62 4 623 150 696 189 0
62 10 184 187 328 256 0
62 11 943 153 985 214 0
63 4 622 150 694 189 0
63 10 159 188 315 261 0
63 11 949 153 993 215 0
64 4 621 150 693 189 0
64 10 133 189 301 267 0
64 11 956 152 1001 216 0
65 4 621 150 692 190 0
65 10 103 190 287 273 0
65 11 962 152 1009 216 0
66 4 621 151 691 191 0
66 10 69 191 271 280 0
66 11 969 151 1018 217 0
67 4 621 151 690 191 0
67 10 31 192 253 288 0
67 11 976 152 1026 219 0
68 4 620 152 689 192 0
68 10 2 193 234 297 0
68 11 983 153 1034 222 0
69 4 620 152 688 192 0
69 10 2 193 212 306 0
69 11 990 154 1044 225 0
70 4 620 153 687 193 0
70 10 2 193 188 316 0
70 11 997 154 1052 225 0
71 4 620 152 685 192 0
71 10 2 193 161 327 0
71 11 1004 153 1061 226 0
72 4 620 152 684 192 0
72 10 2 193 131 341 0
72 11 1012 152 1071 226 0
73 4 619 151 683 191 0
73 10 2 193 97 359 0
73 11 1019 152 1080 228 0
74 4 619 151 681 191 0
74 10 2 193 57 373 0
74 11 1026 152 1089 229 0
75 4 619 150 680 190 0
75 10 2 199 10 373 0
75 11 1034 151 1099 230 0
76 4 619 150 679 190 0
76 11 1042 151 1110 232 0
77 4 618 149 678 189 0
77 11 1051 151 1120 233 0
78 4 618 149 676 188 0
78 11 1060 151 1132 235 0
79 4 619 149 675 188 0
79 11 1068 150 1142 236 0
80 4 620 149 674 188 0
80 11 1076 150 1152 237 0
80 12 830 157 856 198 0
80 14 269 181 330 203 0
81 4 620 149 673 188 0
81 11 1084 149 1163 238 0
81 12 833 157 859 198 0
81 14 263 182 326 205 0
82 4 621 149 672 188 0
82 11 1093 149 1174 239 0
82 12 835 156 863 198 0
82 14 258 183 322 205 0
83 4 622 149 671 188 0
83 11 1101 148 1186 240 0
83 12 839 156 866 199 0
83 14 252 183 317 206 0
84 4 622 149 670 188 0
84 11 1109 147 1196 241 0
84 12 842 156 870 199 0
84 14 247 183 313 207 0
85 4 623 149 669 188 0
85 11 1117 146 1206 242 0
85 12 845 156 874 200 0
85 14 241 184 308 208 0
86 4 624 149 668 188 0
86 11 1126 146 1217 243 0
86 12 849 156 878 200 0
86 14 235 184 304 209 0
87 4 624 150 667 189 0
87 11 1134 145 1229 244 0
87 12 852 156 882 201 0
87 14 228 185 299 210 0
88 4 624 150 667 189 0
88 11 1141 144 1238 244 0
88 12 855 156 886 201 0
88 14 222 185 294 210 0
89 4 624 150 666 189 0
89 11 1148 143 1240 244 0
89 12 858 155 889 201 0
89 14 215 185 288 211 0
90 4 624 150 665 189 0
90 11 1155 142 1240 245 0
90 12 861 155 892 201 0
90 13 18 190 158 235 0
90 14 208 186 283 212 0
91 4 624 150 664 188 0
91 11 1162 141 1240 245 0
91 12 863 155 895 201 0
91 13 2 188 146 235 0
91 14 201 186 277 213 0
92 4 625 149 663 187 0
92 11 1167 139 1240 244 0
92 12 865 154 897 200 0
92 13 2 189 133 237 0
92 14 193 186 271 213 0
93 4 625 149 661 187 0
93 11 1171 137 1240 244 0
93 12 866 152 899 199 0
93 13 2 189 121 238 0
93 14 185 186 264 214 0
94 4 624 149 660 186 0
94 11 1176 135 1240 243 0
94 12 868 151 901 199 0
94 13 2 189 108 240 0
94 14 176 186 257 214 0
95 4 623 148 659 186 0
95 11 1178 134 1240 242 0
95 12 870 150 903 198 0
95 13 2 189 95 242 0
95 14 167 186 249 215 0
96 4 622 148 658 186 0
96 11 1180 133 1240 242 0
96 12 871 150 905 198 0
96 13 2 190 80 244 0
96 14 159 186 243 215 0
97 4 621 148 657 186 0
97 11 1183 131 1240 241 0
97 12 873 149 907 197 0
97 13 2 190 65 246 0
97 14 150 186 236 216 0
98 4 620 148 655 185 0
98 11 1186 130 1240 241 0
98 12 875 148 909 197 0
98 13 2 190 49 248 0
98 14 142 187 229 217 0
99 4 620 148 654 185 0
99 11 1188 129 1240 240 0
99 12 877 147 912 196 0
99 13 2 190 32 250 0
99 14 133 187 222 218 0
100 4 619 148 654 185 0
100 11 1190 127 1240 239 0
100 12 878 147 913 196 0
100 13 2 191 13 252 0
100 14 125 188 216 220 0
100 15 167 190 239 216 0
101 4 619 148 654 185 0
101 11 1191 126 1240 238 0
101 12 879 147 914 197 0
101 13 2 191 2 254 0
101 14 116 189 209 221 0
101 15 159 191 233 217 0
102 4 619 148 654 185 0
102 11 1193 125 1240 238 0
102 12 880 147 916 197 0
102 13 2 193 2 258 0
102 14 108 190 202 223 0
102 15 152 191 227 218 0
103 4 618 148 654 185 0
103 11 1194 124 1240 237 0
103 12 881 145 917 195 0
103 13 2 195 2 263 0
103 14 99 191 195 224 0
103 15 144 192 220 219 0
104 4 619 146 653 182 0
104 11 1193 122 1240 234 0
104 12 881 143 917 192 0
104 13 2 197 2 267 0
104 14 90 193 189 227 0
104 15 138 193 216 220 0
105 4 618 147 653 183 0
105 11 1191 119 1240 232 0
105 12 881 142 917 192 0
105 13 2 199 2 272 0
105 14 82 195 182 229 0
105 15 132 194 210 222 0
106 4 618 148 653 183 0
106 11 1190 123 1240 235 0
106 12 881 144 917 194 0
106 13 2 201 2 277 0
106 14 73 194 175 229 0
106 15 125 193 205 222 0
107 4 618 148 653 184 0
107 11 1189 128 1240 239 0
107 12 882 147 917 197 0
107 13 2 204 2 282 0
107 14 65 194 169 229 0
107 15 119 192 200 221 0
