0 1 776 166 1240 373 0
0 2 716 179 856 270 0
0 3 687 178 758 236 0
0 4 386 192 463 244 0
0 5 496 189 527 212 0
0 6 637 179 665 202 0
0 7 508 187 536 208 0
1 1 798 166 1240 373 0
1 2 725 180 883 281 0
1 3 692 178 768 240 0
1 4 373 194 456 250 0
1 5 493 189 525 213 0
1 6 637 180 666 204 0
1 7 505 190 535 211 0
2 1 827 158 1240 373 0
2 2 735 178 917 291 0
2 3 697 177 780 244 0
2 4 360 192 448 250 0
2 5 490 188 523 213 0
2 6 638 179 668 203 0
2 7 503 188 533 209 0
3 1 868 119 1240 373 0
3 2 747 175 960 304 0
3 3 704 177 793 248 0
3 4 345 192 440 254 0
3 5 487 186 521 212 0
3 6 639 177 670 201 0
3 7 501 185 532 207 0
4 1 929 2 1240 373 0
4 2 762 175 1018 325 0
4 3 711 176 809 253 0
4 4 328 191 431 257 0
4 5 483 185 518 211 0
4 6 639 175 671 200 0
4 7 498 184 530 206 0
5 1 1046 2 1240 373 0
5 2 780 176 1097 355 0
5 3 719 175 828 260 0
5 4 308 191 421 262 0
5 5 480 185 516 211 0
5 6 640 173 673 199 0
5 7 496 183 529 206 0
6 1 1240 2 1240 373 0
6 2 802 179 1216 373 0
6 3 727 175 850 268 0
6 4 287 192 410 268 0
6 5 476 185 514 213 0
6 6 641 173 675 200 0
6 7 493 184 527 207 0
7 2 830 182 1240 373 0
7 3 736 176 877 279 0
7 4 263 193 398 275 0
7 5 472 186 511 215 0
7 6 642 174 677 201 0
7 7 490 185 525 209 0
8 2 870 183 1240 373 0
8 3 746 176 911 293 0
8 4 235 195 385 285 0
8 5 468 187 508 216 0
8 6 643 174 679 203 0
8 7 487 186 523 211 0
9 2 927 186 1240 373 0
9 3 761 177 956 311 0
9 4 201 197 370 294 0
9 5 464 187 506 218 0
9 6 644 176 681 205 0
9 7 483 186 521 212 0
10 2 1019 191 1240 373 0
10 3 780 178 1016 335 0
10 4 161 199 352 308 0
10 5 459 187 503 219 0
10 6 645 175 683 204 0
10 7 480 186 518 213 0
10 95 183 200 246 226 0
10 96 220 196 288 225 0
10 98 270 196 329 225 0
11 2 1179 204 1240 373 0
11 3 800 180 1097 368 0
11 4 112 200 331 320 0
11 5 454 188 500 220 0
11 6 646 175 686 206 0
11 7 476 186 516 213 0
11 95 171 199 237 227 0
11 96 209 196 279 226 0
11 98 260 196 321 226 0
12 3 827 181 1218 373 0
12 4 50 201 307 337 0
12 5 449 188 497 222 0
12 6 647 175 688 207 0
12 7 472 187 513 214 0
12 95 159 201 228 229 0
12 96 198 196 271 227 0
12 98 250 197 314 228 0
13 3 862 183 1240 373 0
13 4 2 204 277 362 0
13 5 443 188 493 224 0
13 6 648 176 691 209 0
13 7 467 187 511 215 0
13 95 146 202 218 231 0
13 96 186 198 262 230 0
13 98 239 197 306 229 0
14 3 912 185 1240 373 0
14 4 2 208 241 373 0
14 5 437 188 489 225 0
14 6 649 175 693 209 0
14 7 463 187 508 217 0
14 95 133 202 208 232 0
14 96 173 198 253 230 0
14 98 228 198 298 230 0
15 3 987 189 1240 373 0
15 4 2 214 197 373 0
15 5 430 188 485 226 0
15 6 650 174 695 209 0
15 7 458 186 505 216 0
15 95 118 202 197 233 0
15 96 159 198 243 231 0
15 98 216 198 289 232 0
16 4 2 217 145 373 0
16 5 424 188 481 228 0
16 6 651 174 698 210 0
16 7 453 186 502 218 0
16 95 103 202 185 234 0
16 96 145 198 232 232 0
16 98 203 199 280 234 0
17 4 2 227 76 373 0
17 5 417 189 477 230 0
17 6 653 174 702 211 0
17 7 448 187 499 220 0
17 95 87 204 173 238 0
17 96 129 200 221 236 0
17 98 189 199 270 235 0
18 4 2 235 2 373 0
18 5 409 189 473 232 0
18 6 654 173 705 212 0
18 7 443 187 496 222 0
18 95 70 206 160 241 0
18 96 113 200 210 238 0
19 5 399 192 467 237 0
19 6 656 175 709 216 0
19 7 437 190 493 225 0
19 95 51 208 147 245 0
19 96 96 203 198 242 0
20 5 389 194 460 242 0
20 6 658 177 714 219 0
20 7 431 192 489 229 0
20 8 472 183 516 218 0
20 10 490 183 527 210 0
20 93 1032 132 1135 180 0
20 94 2 210 83 249 0
20 95 32 211 133 248 0
20 96 78 206 185 247 0
21 5 378 194 454 245 0
21 6 660 176 718 220 0
21 7 424 191 485 230 0
21 8 468 182 513 218 0
21 10 486 183 524 211 0
21 93 1043 132 1151 180 0
21 94 2 211 66 251 0
21 95 10 209 117 248 0
21 96 58 205 171 247 0
22 5 367 194 448 247 0
22 6 662 175 723 220 0
22 7 416 191 481 231 0
22 8 464 181 511 218 0
22 10 484 181 522 210 0
22 93 1056 131 1168 181 0
22 95 2 208 101 249 0
22 96 36 203 157 247 0
23 5 354 194 440 250 0
23 6 664 175 729 223 0
23 7 409 190 476 232 0
23 8 459 180 508 218 0
23 10 481 180 521 210 0
23 93 1069 130 1187 182 0
23 95 2 207 85 249 0
23 96 14 203 142 249 0
24 5 339 194 432 253 0
24 6 666 174 734 224 0
24 7 400 190 471 234 0
24 8 454 179 505 218 0
24 10 477 181 518 211 0
24 93 1083 129 1207 183 0
24 95 2 206 67 249 0
24 96 2 203 125 250 0
25 5 323 194 423 256 0
25 6 669 175 741 227 0
25 7 390 191 466 237 0
25 8 449 180 502 221 0
25 10 473 182 516 213 0
25 93 1098 128 1228 184 0
25 96 2 203 108 252 0
26 5 305 194 414 261 0
26 6 672 176 749 232 0
26 7 380 192 460 240 0
26 8 444 181 500 223 0
26 10 470 183 514 215 0
26 93 1114 128 1240 186 0
26 96 2 203 89 254 0
27 5 284 194 404 265 0
27 6 676 178 757 237 0
27 7 369 194 455 245 0
27 8 439 181 496 226 0
27 10 467 183 512 216 0
27 93 1131 128 1240 188 0
27 96 2 203 68 257 0
28 5 261 195 392 271 0
28 6 679 177 766 239 0
28 7 358 193 449 246 0
28 8 433 180 493 226 0
28 10 463 182 510 216 0
28 93 1150 128 1240 190 0
29 5 234 195 379 278 0
29 6 683 176 776 242 0
29 7 346 192 443 248 0
29 8 427 179 490 227 0
29 10 459 181 508 216 0
29 93 1170 128 1240 193 0
30 5 202 195 364 285 0
30 6 687 174 788 245 0
30 7 332 190 436 250 0
30 8 420 178 487 227 0
30 10 455 181 505 217 0
30 12 634 175 654 192 0
30 93 1191 128 1240 195 0
31 5 164 198 347 297 0
31 6 693 175 802 251 0
31 7 314 192 428 256 0
31 8 412 178 482 230 0
31 10 450 181 503 219 0
31 12 636 176 656 193 0
32 5 118 200 327 310 0
32 6 699 174 820 257 0
32 7 295 192 418 260 0
32 8 404 178 478 232 0
32 10 445 182 500 221 0
32 12 637 176 657 194 0
33 5 60 202 304 326 0
33 6 706 174 840 264 0
33 7 272 193 408 266 0
33 8 395 179 473 235 0
33 10 439 182 497 223 0
33 12 637 175 659 194 0
34 5 2 204 276 347 0
34 6 715 174 864 273 0
34 7 246 194 396 274 0
34 8 385 179 468 238 0
34 10 434 182 494 225 0
34 12 638 175 660 194 0
35 5 2 207 242 373 0
35 6 724 176 894 286 0
35 7 215 198 382 285 0
35 8 373 179 462 241 0
35 10 425 181 489 225 0
35 12 639 175 662 194 0
36 5 2 210 198 373 0
36 6 734 174 928 297 0
36 7 173 197 364 293 0
36 8 359 179 454 245 0
36 10 417 180 484 225 0
36 12 639 175 662 194 0
37 5 2 215 142 373 0
37 6 745 173 972 314 0
37 7 122 198 343 305 0
37 8 342 179 445 249 0
37 10 407 178 478 225 0
37 12 638 173 661 193 0
38 5 2 221 69 373 0
38 6 758 175 1031 339 0
38 7 59 200 318 320 0
38 8 323 179 435 253 0
38 10 396 178 471 228 0
38 12 637 173 661 193 0
39 5 2 230 2 373 0
39 6 775 173 1112 370 0
39 7 2 203 288 344 0
39 8 301 179 425 258 0
39 10 384 179 464 231 0
39 12 636 174 660 194 0
40 5 2 243 2 373 0
40 6 796 177 1234 373 0
40 7 2 209 252 373 0
40 8 277 179 412 264 0
40 9 532 179 568 204 1
40 10 371 180 457 235 0
40 11 448 183 499 215 0
40 12 635 174 659 195 0
40 14 696 167 770 190 0
40 90 853 152 925 179 0
41 6 822 178 1240 373 0
41 7 2 214 212 373 0
41 8 247 177 399 270 0
41 9 527 179 565 205 1
41 10 356 180 448 238 0
41 11 441 183 494 217 0
41 12 634 174 658 196 0
41 14 696 167 772 190 0
41 90 856 152 929 179 0
42 6 858 180 1240 373 0
42 7 2 220 161 373 0
42 8 213 178 383 279 0
42 9 521 179 562 206 1
42 10 339 180 438 242 0
42 11 433 184 488 219 0
42 12 633 173 658 195 0
42 14 697 166 775 190 0
42 90 859 151 933 178 0
43 6 910 180 1240 373 0
43 7 2 226 94 373 0
43 8 171 178 365 289 0
43 9 515 179 558 207 1
43 10 320 181 428 246 0
43 11 424 184 482 221 0
43 12 632 174 657 196 0
43 14 697 166 777 190 0
43 90 862 150 938 178 0
44 6 992 181 1240 373 0
44 7 2 236 3 373 0
44 8 120 180 345 305 0
44 9 509 179 555 209 1
44 10 298 181 417 251 0
44 11 415 185 476 223 0
44 12 631 175 657 198 0
44 14 698 167 779 192 0
44 90 865 150 943 179 0
45 6 1140 188 1240 373 0
45 7 2 252 2 373 0
45 8 57 183 320 324 0
45 9 503 180 551 211 1
45 10 274 181 404 257 0
45 11 405 186 469 225 0
45 12 630 174 657 198 0
45 14 700 166 783 192 0
45 90 869 150 949 179 0
46 8 2 185 293 346 0
46 9 497 180 549 213 1
46 10 247 183 391 265 0
46 11 395 185 463 227 0
46 12 629 174 657 198 0
46 14 701 165 787 192 0
46 90 873 149 955 179 0
47 8 2 184 261 371 0
47 9 490 181 545 216 1
47 10 215 184 375 274 0
47 11 384 186 456 230 0
47 12 629 173 657 198 0
47 14 702 164 791 192 0
47 90 878 147 962 178 0
48 8 2 189 222 373 0
48 9 483 182 541 219 1
48 10 179 188 359 287 0
48 11 372 187 449 233 0
48 12 629 174 657 200 0
48 14 705 165 796 193 0
48 90 883 146 969 178 0
49 8 2 193 173 373 0
49 9 474 185 537 225 1
49 10 134 193 339 303 0
49 11 359 192 441 241 0
49 12 629 178 658 203 0
49 14 707 167 801 196 0
49 90 889 148 978 180 0
50 8 2 199 110 373 0
50 9 464 189 532 232 1
50 10 80 198 317 322 0
50 11 344 194 433 247 0
50 12 629 180 659 207 0
50 14 710 170 807 200 0
50 15 705 163 788 198 0
50 90 896 150 987 183 0
51 8 2 203 27 373 0
51 9 455 187 528 233 1
51 10 15 195 292 334 0
51 11 329 193 424 248 0
51 12 629 179 660 206 0
51 14 712 168 812 199 0
51 15 707 162 794 198 0
51 90 903 148 996 182 0
52 8 2 207 2 373 0
52 9 444 184 523 232 1
52 10 2 192 263 349 0
52 11 312 192 415 251 0
52 12 629 177 661 205 0
52 14 714 166 818 198 0
52 15 710 159 799 197 0
52 90 910 147 1006 182 0
53 8 2 214 2 373 0
53 9 432 186 518 239 1
53 10 2 196 227 373 0
53 11 292 191 404 254 0
53 12 629 177 663 206 0
53 14 718 166 826 199 0
53 15 713 158 806 197 0
53 90 917 146 1016 182 0
54 8 2 228 2 373 0
54 9 417 187 512 245 1
54 10 2 201 183 373 0
54 11 270 193 392 260 0
54 12 630 177 664 207 0
54 14 722 166 834 200 0
54 15 717 158 812 198 0
54 90 925 145 1027 181 0
55 8 2 253 2 373 0
55 9 400 188 505 252 1
55 10 2 206 127 373 0
55 11 245 195 379 267 0
55 12 630 177 666 208 0
55 14 727 165 842 201 0
55 15 721 157 820 199 0
55 90 933 143 1038 181 0
56 9 383 189 499 258 1
56 10 2 208 57 373 0
56 11 218 194 366 272 0
56 12 632 177 669 208 0
56 14 731 164 851 201 0
56 15 725 157 827 200 0
56 90 944 142 1053 181 0
57 9 363 189 491 266 1
57 10 2 214 2 373 0
57 11 186 196 351 280 0
57 12 634 176 672 209 0
57 14 736 164 861 202 0
57 15 730 156 836 200 0
57 90 955 141 1068 181 0
58 9 338 190 483 275 1
58 10 2 221 2 373 0
58 11 148 197 334 289 0
58 12 635 177 675 211 0
58 14 742 164 873 204 0
58 15 734 155 845 201 0
58 90 967 139 1084 180 0
59 9 307 191 473 287 1
59 10 2 235 2 373 0
59 11 102 199 314 302 0
59 12 637 178 679 213 0
59 14 749 163 886 205 0
59 15 739 154 854 202 0
59 90 979 137 1101 180 0
60 9 268 192 461 302 1
60 10 2 271 2 373 0
60 11 45 205 291 323 0
60 12 640 176 683 212 0
60 13 415 189 501 247 1
60 14 757 163 900 206 0
60 15 745 153 865 203 0
60 90 992 136 1119 180 0
61 9 213 194 445 324 1
61 11 2 203 263 335 0
61 12 641 176 687 214 0
61 13 399 186 494 249 1
61 14 765 163 915 209 0
61 15 752 153 877 205 0
61 90 1007 135 1139 181 0
62 9 147 197 428 352 1
62 11 2 202 230 354 0
62 12 644 176 692 215 0
62 13 380 185 486 254 1
62 14 773 164 932 212 0
62 15 759 153 891 207 0
62 90 1022 135 1160 183 0
63 9 41 201 406 373 1
63 11 2 208 189 373 0
63 12 647 177 697 218 0
63 13 357 189 477 266 1
63 14 783 164 951 215 0
63 15 767 153 906 210 0
63 90 1038 135 1182 185 0
64 9 2 206 378 373 1
64 11 2 208 137 373 0
64 12 650 178 703 220 0
64 13 329 188 467 276 1
64 14 793 165 972 218 0
64 15 776 153 922 213 0
64 90 1056 135 1207 186 0
65 9 2 212 339 373 1
65 11 2 220 70 373 0
65 12 654 179 709 223 0
65 13 292 194 454 295 1
65 14 805 165 996 222 0
65 15 786 153 940 216 0
65 90 1075 135 1233 188 0
66 9 2 221 284 373 1
66 11 2 228 2 373 0
66 12 656 179 715 226 0
66 13 246 197 437 315 1
66 14 820 166 1023 226 0
66 15 795 152 959 218 0
66 90 1095 135 1240 191 0
67 9 2 235 200 373 1
67 11 2 239 2 373 0
67 12 658 180 721 229 0
67 13 183 199 417 338 1
67 14 833 167 1053 231 0
67 15 806 150 980 220 0
67 90 1117 135 1240 193 0
68 9 2 258 54 373 1
68 11 2 253 2 373 0
68 12 661 180 728 232 0
68 13 94 203 391 373 1
68 14 849 166 1086 235 0
68 15 818 148 1004 223 0
68 90 1140 133 1240 194 0
69 9 2 306 2 373 1
69 11 2 273 2 373 0
69 12 665 180 736 234 0
69 13 2 207 356 373 1
69 14 867 165 1125 239 0
69 15 832 146 1031 225 0
69 90 1166 130 1240 194 0
70 9 2 373 2 373 0
70 11 2 313 2 373 0
70 12 669 179 745 237 0
70 13 2 217 308 373 1
70 14 888 162 1171 243 0
70 15 847 144 1061 228 0
70 16 364 206 432 241 0
70 17 400 184 471 234 0
70 18 227 196 375 280 0
70 19 783 162 933 215 0
70 20 464 182 509 214 0
70 27 1085 148 1222 192 0
70 28 1037 150 1167 186 0
70 90 1193 127 1240 195 0
71 12 673 178 754 240 0
71 13 2 229 244 373 1
71 14 912 162 1225 250 0
71 15 864 141 1096 231 0
71 16 352 207 424 245 0
71 17 390 183 466 236 0
71 18 192 197 359 289 0
71 19 793 161 952 216 0
71 20 461 183 508 216 0
71 27 1105 146 1240 192 0
71 28 1054 146 1191 184 0
71 90 1224 124 1240 195 0
72 12 677 178 765 243 0
72 13 2 242 143 373 1
72 14 940 160 1240 258 0
72 15 883 137 1137 235 0
72 16 338 209 416 249 0
72 17 379 183 460 238 0
72 18 150 199 341 302 0
72 19 805 159 973 218 0
72 20 458 183 507 217 0
72 27 1127 144 1240 192 0
72 90 1240 121 1240 196 0
73 12 682 177 778 248 0
73 13 2 270 2 373 1
73 14 974 158 1240 268 0
73 15 905 132 1185 239 0
73 16 322 211 406 254 0
73 17 368 183 454 241 0
73 18 99 201 319 316 0
73 19 817 158 997 220 0
73 20 454 182 505 217 0
73 27 1151 141 1240 192 0
73 90 1240 117 1240 197 0
74 12 688 176 792 252 0
74 13 2 331 2 373 1
74 14 1015 155 1240 279 0
74 15 931 127 1240 245 0
74 16 304 213 396 259 0
74 17 354 182 448 244 0
74 18 33 204 293 335 0
74 19 831 156 1024 223 0
74 20 449 181 502 218 0
75 12 694 175 809 258 0
75 13 2 373 2 373 1
75 14 1067 147 1240 291 0
75 15 962 120 1240 251 0
75 16 283 215 384 265 0
75 17 339 182 441 247 0
75 18 2 207 262 360 0
75 19 848 149 1056 220 0
75 20 444 180 500 218 0
76 12 701 175 829 265 0
76 14 1134 142 1240 312 0
76 15 1000 114 1240 261 0
76 16 258 218 370 273 0
76 17 323 182 433 252 0
76 18 2 207 223 373 0
76 19 866 147 1092 223 0
76 20 439 180 497 220 0
77 12 709 175 853 275 0
77 14 1224 135 1240 343 0
77 15 1048 106 1240 274 0
77 16 227 222 353 283 0
77 17 304 183 424 258 0
77 18 2 210 174 373 0
77 19 887 145 1134 227 0
77 20 433 181 494 222 0
78 12 718 175 883 286 0
78 14 1240 128 1240 373 0
78 15 1108 95 1240 291 0
78 16 191 226 333 295 0
78 17 282 184 414 265 0
78 18 2 219 110 373 0
78 19 911 142 1183 232 0
78 20 427 182 491 225 0
79 12 729 175 921 300 0
79 14 1240 104 1240 373 0
79 15 1187 80 1240 315 0
79 16 146 232 310 309 0
79 17 256 185 403 274 0
79 18 2 224 22 373 0
79 19 940 138 1240 238 0
79 20 420 182 488 228 0
80 12 743 175 970 319 0
80 14 1240 62 1240 373 0
80 15 1240 57 1240 352 0
80 16 89 238 282 326 0
80 17 226 186 390 283 0
80 18 2 245 2 373 0
80 19 974 134 1240 244 0
80 20 413 183 485 231 0
80 21 453 182 506 218 0
80 22 477 182 518 213 0
80 31 970 153 1073 181 0
80 32 955 150 1051 177 0
81 12 758 176 1036 346 0
81 16 16 244 246 347 0
81 17 187 188 374 295 0
81 19 1011 130 1240 253 0
81 20 403 183 479 233 0
81 21 446 183 502 220 0
81 22 472 182 516 214 0
81 31 979 151 1086 180 0
81 32 965 149 1063 176 0
82 12 777 176 1130 373 0
82 16 2 255 202 373 0
82 17 140 189 354 309 0
82 19 1057 125 1240 265 0
82 20 392 183 473 236 0
82 21 439 183 498 222 0
82 22 467 182 513 215 0
82 31 989 149 1099 178 0
82 32 975 147 1077 176 0
83 12 801 177 1240 373 0
83 16 2 265 145 373 0
83 17 80 191 332 327 0
83 19 1115 118 1240 279 0
83 20 379 184 467 240 0
83 21 431 184 494 225 0
83 22 462 182 510 216 0
83 31 1000 147 1114 177 0
83 32 985 146 1091 175 0
84 12 834 179 1240 373 0
84 16 2 283 69 373 0
84 17 3 193 304 350 0
84 19 1190 108 1240 300 0
84 20 365 184 460 243 0
84 21 422 184 489 227 0
84 22 457 182 506 218 0
84 31 1011 145 1129 176 0
84 32 997 144 1105 174 0
85 12 880 181 1240 373 0
85 16 2 306 2 373 0
85 17 2 195 271 373 0
85 19 1240 94 1240 330 0
85 20 350 184 452 247 0
85 21 412 185 484 230 0
85 22 451 182 502 219 0
85 31 1023 142 1146 175 0
85 32 1009 143 1121 174 0
86 12 945 163 1240 373 0
86 17 2 199 230 373 0
86 20 330 186 442 254 0
86 21 400 186 477 233 0
86 22 443 183 497 222 0
86 31 1036 140 1164 173 0
86 32 1011 141 1128 173 0
87 12 1050 2 1240 373 0
87 17 2 204 178 373 0
87 20 307 187 430 261 0
87 21 388 186 470 237 0
87 22 433 184 491 225 0
87 31 1049 137 1181 171 0
87 32 1022 141 1144 174 0
88 12 1240 2 1240 373 0
88 17 2 210 109 373 0
88 20 281 190 417 270 0
88 21 374 187 462 241 0
88 22 423 186 485 229 0
88 31 1062 139 1200 175 0
88 32 1034 140 1160 174 0
89 12 1240 2 1240 373 0
89 17 2 219 14 373 0
89 20 250 192 403 280 0
89 21 356 189 452 247 0
89 22 412 187 478 232 0
89 31 1076 139 1220 176 0
89 32 1046 139 1177 174 0
90 12 1240 2 1240 373 0
90 17 2 232 2 373 0
90 20 213 195 386 292 0
90 21 335 191 441 253 0
90 22 400 188 470 236 0
90 23 440 186 498 223 0
90 24 805 152 932 200 0
90 25 802 151 888 197 0
90 26 774 155 866 196 0
90 29 1185 126 1240 173 0
90 30 1129 126 1240 173 0
90 31 1091 133 1240 172 0
90 32 1060 138 1196 174 0
90 34 481 185 526 214 0
90 35 666 173 712 209 0
91 20 172 196 368 305 0
91 21 315 194 431 261 0
91 22 388 190 463 241 0
91 23 431 188 493 227 0
91 24 812 153 946 204 0
91 25 808 152 897 200 0
91 26 778 158 875 201 0
91 29 1208 124 1240 174 0
91 30 1149 127 1240 175 0
91 31 1107 134 1240 174 0
91 32 1074 138 1215 176 0
91 34 475 186 522 217 0
91 35 666 175 714 212 0
92 20 120 199 348 321 0
92 21 293 196 420 269 0
92 22 375 193 455 247 0
92 23 422 190 487 231 0
92 24 820 153 961 206 0
92 25 814 153 908 202 0
92 26 783 156 884 200 0
92 29 1234 122 1240 174 0
92 30 1170 126 1240 176 0
92 31 1125 133 1240 175 0
92 32 1089 138 1236 177 0
92 34 468 188 517 220 0
92 35 667 177 717 216 0
93 20 54 201 323 341 0
93 21 265 197 406 275 0
93 22 359 192 446 249 0
93 23 412 190 481 233 0
93 24 829 152 978 208 0
93 25 822 151 920 203 0
93 26 789 157 894 203 0
93 29 1240 119 1240 174 0
93 30 1192 123 1240 176 0
93 31 1144 131 1240 175 0
93 32 1105 135 1240 175 0
93 34 462 187 513 220 0
93 35 667 175 719 216 0
94 20 2 204 294 367 0
94 21 233 198 391 283 0
94 22 340 191 436 252 0
94 23 401 190 474 235 0
94 24 838 149 996 208 0
94 25 830 149 934 204 0
94 26 795 152 905 200 0
94 29 1240 116 1240 174 0
94 30 1217 119 1240 175 0
94 31 1165 128 1240 173 0
94 32 1123 131 1240 173 0
94 34 455 186 508 220 0
94 35 668 174 722 216 0
95 20 2 208 258 373 0
95 21 195 198 374 292 0
95 22 320 194 425 259 0
95 23 389 189 467 236 0
95 24 849 147 1016 209 0
95 25 839 147 949 204 0
95 26 801 151 917 202 0
95 29 1240 113 1240 174 0
95 30 1240 116 1240 174 0
95 31 1188 125 1240 172 0
95 32 1143 130 1240 173 0
95 34 448 185 504 220 0
95 35 669 174 726 218 0
96 20 2 215 214 373 0
96 21 151 200 356 305 0
96 22 300 194 414 265 0
96 23 378 191 461 241 0
96 24 863 148 1042 214 0
96 25 850 145 966 205 0
96 26 810 153 932 206 0
96 30 1240 114 1240 175 0
96 31 1214 124 1240 174 0
96 32 1164 127 1240 173 0
96 34 441 186 500 223 0
96 35 671 174 732 220 0
97 20 2 222 157 373 0
97 21 97 202 334 321 0
97 22 276 195 403 272 0
97 23 365 192 455 245 0
97 24 879 145 1072 215 0
97 25 863 144 987 208 0
97 26 820 151 949 207 0
97 30 1240 110 1240 174 0
97 31 1240 120 1240 173 0
97 32 1188 125 1240 173 0
97 34 434 188 496 226 0
97 35 673 174 739 223 0
98 20 2 229 82 373 0
98 21 28 205 309 341 0
98 22 248 197 390 280 0
98 23 351 194 447 250 0
98 24 897 143 1106 218 0
98 25 877 143 1011 210 0
98 26 831 149 967 208 0
98 32 1213 122 1240 173 0
98 34 426 188 493 228 0
98 35 676 175 747 226 0
99 20 2 241 2 373 0
99 21 2 208 279 367 0
99 22 216 198 374 289 0
99 23 336 193 439 254 0
99 24 917 141 1145 222 0
99 25 893 141 1037 214 0
99 26 843 146 988 209 0
99 32 1240 119 1240 172 0
99 34 418 188 489 230 0
99 35 679 175 756 229 0
100 20 2 254 2 373 0
100 21 2 212 241 373 0
100 22 177 199 357 300 0
100 23 315 195 429 260 0
100 24 941 137 1190 225 0
100 25 912 140 1067 217 0
100 26 856 146 1012 212 0
100 33 801 155 941 209 0
100 34 409 188 484 232 0
100 35 682 175 766 233 0
100 36 669 173 727 221 0
101 21 2 218 194 373 0
101 22 127 202 336 315 0
101 23 294 195 420 265 0
101 24 968 136 1240 232 0
101 25 935 138 1104 221 0
101 26 871 145 1039 215 0
101 33 814 154 963 211 0
101 34 399 188 480 235 0
101 35 687 175 777 237 0
101 36 672 173 734 223 0
102 21 2 225 134 373 0
102 22 63 205 311 335 0
102 23 271 196 409 271 0
102 24 1000 135 1240 241 0
102 25 961 137 1148 227 0
102 26 889 145 1070 221 0
102 33 829 154 987 214 0
102 34 389 188 474 237 0
102 35 692 175 789 241 0
102 36 676 173 741 226 0
103 21 2 235 53 373 0
103 22 2 208 281 360 0
103 23 243 196 396 278 0
103 24 1039 131 1240 249 0
103 25 991 135 1199 233 0
103 26 909 144 1106 225 0
103 33 845 154 1015 218 0
103 34 377 189 469 240 0
103 35 698 176 804 246 0
103 36 679 173 748 229 0
104 21 2 248 2 373 0
104 22 2 213 244 373 0
104 23 210 196 382 286 0
104 24 1085 128 1240 261 0
104 25 1027 132 1240 240 0
104 26 932 142 1147 230 0
104 33 864 153 1046 222 0
104 34 364 189 462 244 0
104 35 705 176 820 252 0
104 36 683 173 757 232 0
105 21 2 268 2 373 0
105 22 2 218 198 373 0
105 23 171 197 366 295 0
105 24 1143 123 1240 275 0
105 25 1069 129 1240 249 0
105 26 958 141 1196 237 0
105 33 884 153 1082 226 0
105 34 350 189 455 247 0
105 35 713 176 840 260 0
105 36 687 173 767 236 0
106 22 2 223 141 373 0
106 23 122 199 347 310 0
106 24 1214 116 1240 293 0
106 25 1114 126 1240 260 0
106 26 988 140 1240 245 0
106 33 901 152 1116 232 0
106 34 334 190 447 252 0
106 35 721 177 862 269 0
106 36 692 174 778 240 0
107 22 2 230 66 373 0
107 23 61 202 324 328 0
107 24 1240 107 1240 319 0
107 25 1170 122 1240 275 0
107 26 1022 137 1240 253 0
107 33 920 152 1156 238 0
107 34 315 191 439 258 0
107 35 731 178 890 279 0
107 36 697 174 790 245 0
108 22 2 239 2 373 0
108 23 2 205 297 351 0
108 24 1240 95 1240 360 0
108 25 1240 116 1240 294 0
108 26 1064 133 1240 264 0
108 33 943 151 1204 246 0
108 34 294 192 429 264 0
108 35 742 179 924 293 0
108 36 702 175 804 251 0
109 22 2 254 2 373 0
109 23 2 209 264 373 0
109 24 1240 75 1240 373 0
109 25 1240 108 1240 322 0
109 26 1116 134 1240 282 0
109 33 969 151 1240 255 0
109 34 269 194 418 272 0
109 35 755 181 967 310 0
109 36 709 175 821 258 0
110 22 2 280 2 373 0
110 23 2 214 224 373 0
110 24 1240 34 1240 373 0
110 25 1240 97 1240 362 0
110 26 1180 128 1240 299 0
110 33 1001 150 1240 266 0
110 34 239 195 406 281 0
110 35 771 182 1023 332 0
110 36 716 176 840 266 0
110 37 366 190 453 249 0
110 38 681 180 749 227 0
110 39 443 186 506 225 0
110 40 664 181 720 219 0
110 41 502 182 535 208 0
110 42 649 179 689 209 0
110 97 561 175 603 191 0
111 23 2 218 176 373 0
111 26 1240 119 1240 322 0
111 33 1047 149 1240 279 0
111 34 205 196 392 290 0
111 35 790 182 1101 361 0
111 36 724 176 863 276 0
111 37 350 190 445 253 0
111 38 684 180 756 229 0
111 39 436 186 502 227 0
111 40 665 181 724 221 0
111 41 499 181 533 208 0
111 42 650 179 691 209 0
111 97 556 175 599 191 0
112 23 2 224 114 373 0
112 26 1240 111 1240 362 0
112 33 1104 147 1240 297 0
112 34 164 198 376 302 0
112 35 814 183 1215 373 0
112 36 733 177 891 287 0
112 37 333 190 435 257 0
112 38 687 180 764 232 0
112 39 429 186 498 229 0
112 40 667 181 728 222 0
112 41 495 180 531 208 0
112 42 652 178 694 210 0
112 97 550 174 595 191 0
113 23 2 232 30 373 0
113 26 1240 91 1240 373 0
113 33 1176 144 1240 320 0
113 34 113 199 357 316 0
113 35 845 184 1240 373 0
113 36 743 177 925 301 0
113 37 313 191 425 262 0
113 38 690 180 773 236 0
113 39 420 186 494 231 0
113 40 669 181 734 224 0
113 41 492 180 528 208 0
113 42 653 177 697 210 0
113 97 543 175 590 192 0
114 23 2 245 2 373 0
114 26 1240 68 1240 373 0
114 33 1240 141 1240 352 0
114 34 50 201 336 333 0
114 35 887 184 1240 373 0
114 36 755 178 969 318 0
114 37 290 191 413 268 0
114 38 694 181 783 240 0
114 39 411 186 490 233 0
114 40 672 181 740 226 0
114 41 489 179 526 209 0
114 42 654 175 699 209 0
114 97 535 175 585 192 0
115 23 2 262 2 373 0
115 26 1240 11 1240 373 0
115 33 1240 136 1240 373 0
115 34 2 203 310 357 0
115 35 947 186 1240 373 0
115 36 770 178 1027 342 0
115 37 263 191 400 275 0
115 38 698 181 794 244 0
115 39 402 186 485 235 0
115 40 675 181 746 229 0
115 41 485 179 524 209 0
115 42 656 179 704 214 0
115 97 527 175 579 193 0
116 34 2 207 279 373 0
116 35 1038 185 1240 373 0
116 36 788 178 1104 372 0
116 37 232 192 386 284 0
116 38 703 181 806 248 0
116 39 390 185 480 237 0
116 40 677 181 753 231 0
116 41 482 179 522 210 0
116 42 658 178 707 215 0
116 97 519 175 572 193 0
117 34 2 211 240 373 0
117 35 1194 196 1240 373 0
117 36 809 178 1216 373 0
117 37 195 193 370 294 0
117 38 709 180 821 252 0
117 39 377 185 473 240 0
117 40 680 181 761 234 0
117 41 478 178 520 211 0
117 42 659 177 711 215 0
117 97 511 175 566 193 0
118 34 2 216 192 373 0
118 35 1240 212 1240 373 0
118 36 837 179 1240 373 0
118 37 150 195 351 307 0
118 38 716 180 837 257 0
118 39 363 185 467 243 0
118 40 684 180 769 236 0
118 41 474 178 517 211 0
118 42 661 176 714 215 0
118 97 503 174 559 193 0
119 34 2 222 129 373 0
119 35 1240 261 1240 373 0
119 36 874 179 1240 373 0
119 37 94 196 329 322 0
119 38 723 179 856 263 0
119 39 347 184 459 246 0
119 40 687 179 779 238 0
119 41 469 178 514 212 0
119 42 662 175 718 215 0
119 97 495 173 552 192 0
120 34 2 231 45 373 0
120 36 926 179 1240 373 0
120 37 22 198 302 342 0
120 38 731 178 879 270 0
120 39 329 184 451 249 0
120 40 691 178 789 240 0
120 41 464 177 511 213 0
120 42 664 175 722 218 0
120 43 657 176 704 211 0
120 44 487 177 523 206 0
120 97 486 173 544 192 0
121 34 2 244 2 373 0
121 36 1003 162 1240 373 0
121 37 2 202 271 370 0
121 38 740 178 907 280 0
121 39 310 185 442 255 0
121 40 695 178 801 244 0
121 41 459 177 509 214 0
121 42 666 176 727 221 0
121 43 658 175 707 212 0
121 44 484 178 520 207 0
122 36 1130 2 1240 373 0
122 37 2 206 233 373 0
122 38 751 178 941 292 0
122 39 289 186 432 261 0
122 40 700 178 814 249 0
122 41 453 177 505 215 0
122 42 668 177 732 223 0
122 43 660 175 711 213 0
122 44 480 178 518 208 0
123 36 1240 2 1240 373 0
123 37 2 212 185 373 0
123 38 763 179 984 307 0
123 39 265 188 421 269 0
123 40 705 178 830 255 0
123 41 447 177 502 217 0
123 42 670 176 738 224 0
123 43 661 174 714 214 0
123 44 476 178 515 210 0
124 36 1240 2 1240 373 0
124 37 2 219 124 373 0
124 38 778 179 1039 326 0
124 39 236 189 408 278 0
124 40 712 178 848 261 0
124 41 440 177 499 218 0
124 42 672 174 744 225 0
124 43 663 174 718 215 0
124 44 471 178 513 210 0
125 36 1240 2 1240 373 0
125 37 2 229 41 373 0
125 38 795 179 1113 353 0
125 39 202 191 394 289 0
125 40 719 178 870 269 0
125 41 433 177 495 220 0
125 42 675 172 751 226 0
125 43 665 173 723 216 0
125 44 467 177 510 210 0
126 37 2 242 2 373 0
126 38 818 177 1215 373 0
126 39 160 192 378 301 0
126 40 727 177 895 277 0
126 41 425 177 491 221 0
126 42 678 172 758 228 0
126 43 667 172 728 217 0
126 44 462 177 507 211 0
127 38 846 174 1240 373 0
127 39 110 194 360 316 0
127 40 736 177 926 288 0
127 41 417 176 486 223 0
127 42 681 171 767 231 0
127 43 669 172 733 218 0
127 44 457 177 503 213 0
128 38 884 169 1240 373 0
128 39 47 196 338 335 0
128 40 747 176 964 300 0
128 41 409 176 481 225 0
128 42 685 171 777 234 0
128 43 672 171 739 220 0
128 44 451 177 500 214 0
129 38 935 159 1240 373 0
129 39 2 199 313 359 0
129 40 760 175 1013 317 0
129 41 399 176 476 227 0
129 42 689 170 788 238 0
129 43 675 170 746 221 0
129 44 445 176 496 215 0
130 38 1011 127 1240 373 0
130 39 2 202 282 373 0
130 40 775 173 1077 338 0
130 41 389 175 470 229 0
130 42 694 170 800 242 0
130 43 678 169 753 223 0
130 44 438 176 492 216 0
130 45 722 153 741 200 1
130 46 738 154 758 201 1
131 38 1136 2 1240 373 0
131 39 2 206 248 373 0
131 40 793 174 1163 371 0
131 41 378 178 464 234 0
131 42 699 171 813 248 0
131 43 680 169 759 226 0
131 44 431 177 488 219 0
131 45 725 154 745 203 1
131 46 742 155 763 203 1
132 38 1240 2 1240 373 0
132 39 2 210 205 373 0
132 40 815 176 1240 373 0
132 41 365 180 457 240 0
132 42 705 172 828 256 0
132 43 683 171 767 230 0
132 44 423 180 483 223 0
132 45 728 155 750 205 1
132 46 746 155 767 206 1
133 38 1240 191 1240 373 0
133 39 2 217 151 373 0
133 40 843 179 1240 373 0
133 41 351 183 450 246 0
133 42 711 173 846 264 0
133 43 687 173 776 236 0
133 44 415 182 478 228 0
133 45 732 156 754 208 1
133 46 750 156 772 208 1
134 38 1240 276 1240 373 0
134 39 2 223 79 373 0
134 40 881 182 1240 373 0
134 41 335 186 442 253 0
134 42 719 175 867 275 0
134 43 691 175 786 242 0
134 44 406 185 473 234 0
134 45 736 157 759 211 1
134 46 755 157 778 211 1
135 39 2 240 2 373 0
135 40 933 184 1240 373 0
135 41 317 189 432 261 0
135 42 727 177 893 287 0
135 43 695 177 797 249 0
135 44 396 188 467 240 0
135 45 740 159 764 214 1
135 46 760 158 784 214 1
136 40 1010 186 1240 373 0
136 41 297 188 423 265 0
136 42 736 177 923 299 0
136 43 699 177 810 253 0
136 44 385 188 460 242 0
136 45 744 158 769 215 1
136 46 764 157 789 215 1
137 40 1136 188 1240 373 0
137 41 276 188 412 270 0
137 42 746 177 961 314 0
137 43 705 176 825 258 0
137 44 373 187 453 244 0
137 45 748 157 774 217 1
137 46 768 156 794 216 1
138 40 1240 193 1240 373 0
138 41 251 188 401 276 0
138 42 758 177 1009 334 0
138 43 711 175 842 264 0
138 44 359 187 446 246 0
138 45 753 156 780 218 1
138 46 773 155 800 217 1
139 40 1240 205 1240 373 0
139 41 222 187 387 283 0
139 42 773 178 1072 359 0
139 43 716 175 860 272 0
139 44 343 186 437 249 0
139 45 758 155 786 219 1
139 46 778 154 806 219 1
140 40 1240 299 1240 373 0
140 41 183 190 370 295 0
140 42 791 178 1159 373 0
140 43 722 176 882 283 0
140 44 325 188 427 256 0
140 45 764 153 793 221 1
140 46 783 153 813 220 1
140 47 702 178 791 241 0
140 91 368 175 455 210 0
141 41 141 188 352 302 0
141 42 812 180 1240 373 0
141 43 730 179 908 296 0
141 44 306 189 417 261 0
141 45 768 153 799 223 1
141 46 790 152 821 222 1
141 47 706 180 801 247 0
141 91 360 177 450 212 0
142 41 90 190 332 317 0
142 42 838 182 1240 373 0
142 43 739 182 940 313 0
142 44 285 191 405 268 0
142 45 773 153 806 226 1
142 46 797 151 829 224 1
142 47 710 182 814 254 0
142 91 352 178 444 214 0
143 41 27 194 308 338 0
143 42 872 185 1240 373 0
143 43 749 182 980 330 0
143 44 260 192 393 275 0
143 45 779 153 813 229 1
143 46 804 150 839 226 1
143 47 716 184 828 262 0
143 91 344 179 439 216 0
144 41 2 195 279 359 0
144 42 920 188 1240 373 0
144 43 762 183 1032 353 0
144 44 232 193 379 283 0
144 45 784 153 820 232 1
144 46 812 149 849 229 1
144 47 719 183 844 267 0
144 91 335 178 433 216 0
145 41 2 200 246 373 0
145 42 988 193 1240 373 0
145 43 777 183 1101 373 0
145 44 199 195 363 293 0
145 45 791 153 829 236 1
145 46 821 148 860 231 1
145 47 724 182 862 273 0
145 91 326 177 427 216 0
146 41 2 201 209 373 0
146 42 1097 201 1240 373 0
146 43 794 184 1187 373 0
146 44 162 196 346 302 0
146 45 798 152 837 239 1
146 46 830 146 870 234 1
146 47 731 182 882 282 0
146 91 317 176 420 216 0
147 41 2 204 164 373 0
147 42 1240 215 1240 373 0
147 43 815 186 1240 373 0
147 44 119 196 326 313 0
147 45 806 151 846 241 1
147 46 839 145 881 237 1
147 47 739 183 907 291 0
147 91 307 175 413 216 0
148 41 2 206 108 373 0
148 43 842 188 1240 373 0
148 44 66 197 304 326 0
148 45 815 149 856 245 1
148 46 850 143 893 240 1
148 47 748 183 936 303 0
148 91 298 174 408 216 0
149 41 2 210 37 373 0
149 43 878 190 1240 373 0
149 44 2 198 279 342 0
149 45 825 147 868 248 1
149 46 861 142 907 244 1
149 47 758 184 972 318 0
149 91 289 175 401 218 0
150 41 2 214 2 373 0
150 43 927 193 1240 373 0
150 44 2 199 249 362 0
150 45 836 145 880 252 1
150 46 874 140 922 248 1
150 47 770 185 1017 337 0
150 91 279 176 395 220 0
151 43 992 194 1240 373 0
151 44 2 203 216 373 0
151 45 848 143 895 256 1
151 46 888 138 939 252 1
151 47 783 185 1070 358 0
151 91 268 177 388 222 0
152 43 1091 195 1240 373 0
152 44 2 206 178 373 0
152 45 860 140 912 260 1
152 46 904 136 959 257 1
152 47 798 186 1139 373 0
152 91 256 177 380 224 0
153 43 1240 197 1240 373 0
153 44 2 211 133 373 0
153 45 875 137 930 265 1
153 46 921 134 982 263 1
153 47 816 186 1233 373 0
153 91 246 177 373 225 0
154 43 1240 202 1240 373 0
154 44 2 216 78 373 0
154 45 891 134 952 270 1
154 46 941 131 1007 269 1
154 47 838 187 1240 373 0
154 91 235 177 366 227 0
155 43 1240 215 1240 373 0
155 44 2 223 9 373 0
155 45 909 130 976 276 1
155 46 963 128 1036 276 1
155 47 866 188 1240 373 0
155 91 223 177 359 228 0
156 44 2 232 2 373 0
156 45 928 128 1001 284 1
156 46 985 126 1063 284 1
156 47 899 190 1240 373 0
156 91 212 177 352 229 0
157 45 950 125 1030 291 1
157 46 1010 122 1095 292 1
157 47 941 193 1240 373 0
157 91 200 179 344 233 0
158 45 976 123 1064 302 1
158 46 1038 119 1131 301 1
158 47 999 196 1240 373 0
158 91 188 180 337 236 0
159 45 1003 118 1101 312 1
159 46 1070 114 1173 312 1
159 47 1081 202 1240 373 0
159 91 175 182 329 240 0
160 45 1036 112 1146 323 1
160 46 1108 109 1223 325 1
160 47 1208 210 1240 373 0
160 48 2 208 94 250 0
160 49 2 219 11 284 0
160 50 836 168 947 208 1
160 51 711 109 914 192 0
160 53 959 160 1119 207 0
160 55 283 187 352 221 0
160 91 162 182 321 241 0
161 45 1065 107 1186 336 1
161 46 1145 104 1240 339 1
161 48 2 209 80 252 0
161 50 839 167 954 209 1
161 51 711 108 918 192 0
161 53 968 158 1133 206 0
161 55 276 186 345 220 0
161 91 149 181 312 242 0
162 45 1098 102 1234 350 1
162 46 1187 99 1240 355 1
162 48 2 210 65 254 0
162 50 844 167 961 210 1
162 51 712 107 922 193 0
162 53 976 158 1145 207 0
162 55 268 185 338 220 0
162 91 134 181 303 243 0
163 45 1135 97 1240 368 1
163 46 1236 92 1240 373 1
163 48 2 211 49 256 0
163 50 848 166 968 210 1
163 51 713 106 926 193 0
163 53 984 158 1158 208 0
163 55 260 186 331 222 0
163 91 119 181 293 245 0
164 45 1180 90 1240 373 1
164 46 1240 84 1240 373 1
164 48 2 211 33 258 0
164 50 852 168 977 213 1
164 51 713 105 930 194 0
164 53 993 157 1172 209 0
164 55 252 187 324 223 0
164 91 103 182 283 248 0
165 45 1232 81 1240 373 1
165 46 1240 74 1240 373 1
165 48 2 212 15 261 0
165 50 857 169 985 215 1
165 51 714 104 934 194 0
165 53 1000 158 1184 212 0
165 55 244 188 316 225 0
165 91 86 184 272 252 0
166 48 2 214 2 264 0
166 50 861 169 992 216 1
166 51 713 104 937 195 0
166 53 1006 160 1195 214 0
166 55 234 190 308 229 0
166 91 68 185 261 256 0
167 48 2 216 2 268 0
167 50 865 169 999 217 1
167 51 712 103 939 196 0
167 53 1012 159 1206 215 0
167 55 224 192 300 231 0
167 91 49 187 249 260 0
168 48 2 218 2 272 0
168 50 869 169 1007 218 1
168 51 712 102 941 196 0
168 53 1018 158 1216 215 0
168 55 214 193 291 234 0
168 91 30 187 237 261 0
169 48 2 220 2 276 0
169 50 873 168 1015 219 1
169 51 711 102 944 197 0
169 53 1024 157 1227 215 0
169 55 203 192 283 234 0
169 91 10 186 225 263 0
170 48 2 223 2 281 0
170 50 877 168 1023 221 1
170 51 710 101 947 198 0
170 52 1240 154 1240 254 0
170 53 1030 156 1239 216 0
170 55 192 192 274 234 0
170 91 2 186 212 266 0
171 48 2 223 2 283 0
171 50 881 168 1031 221 1
171 51 710 100 950 198 0
171 53 1038 156 1240 217 0
171 55 182 192 265 235 0
171 91 2 186 199 268 0
172 48 2 223 2 285 0
172 50 886 167 1039 222 1
172 51 710 98 953 198 0
172 53 1046 155 1240 218 0
172 55 172 192 257 236 0
172 91 2 186 186 270 0
173 48 2 225 2 289 0
173 50 890 167 1047 223 1
173 51 710 97 956 198 0
173 53 1055 155 1240 219 0
173 55 162 193 248 237 0
173 91 2 186 173 273 0
174 48 2 226 2 293 0
174 50 895 166 1056 224 1
174 51 710 95 960 198 0
174 53 1064 154 1240 220 0
174 55 152 192 240 238 0
174 91 2 186 160 275 0
175 48 2 227 2 296 0
175 50 899 166 1065 225 1
175 51 710 94 963 198 0
175 53 1073 154 1240 221 0
175 55 142 192 232 238 0
175 91 2 186 146 278 0
176 50 905 168 1075 228 1
176 51 710 93 966 198 0
176 55 135 192 225 240 0
176 91 2 186 134 281 0
177 50 906 168 1076 229 1
177 51 710 92 965 197 0
177 55 133 192 223 240 0
177 91 2 186 134 281 0
178 50 909 169 1079 229 1
178 51 711 91 968 196 0
178 55 134 193 228 240 0
178 91 2 186 133 281 0
179 50 908 169 1078 230 1
179 51 709 91 965 195 0
179 55 135 192 225 240 0
179 91 2 186 135 281 0
180 50 911 170 1082 230 0
180 51 713 90 969 195 0
180 55 140 192 227 240 0
180 91 2 186 138 281 1
181 50 950 170 1145 239 0
181 51 725 85 1001 197 0
181 55 111 192 204 244 0
181 91 2 187 89 294 1
182 50 961 170 1162 240 0
182 51 728 84 1008 198 0
182 55 110 191 203 243 0
182 91 2 185 84 293 1
183 50 973 171 1180 242 0
183 51 735 83 1018 199 0
183 55 108 190 202 242 0
183 91 2 182 78 292 1
184 50 985 171 1199 245 0
184 51 742 82 1030 199 0
184 55 110 188 205 240 0
184 91 2 181 77 292 1
185 50 999 172 1219 247 0
185 51 748 81 1041 200 0
185 55 113 187 208 239 0
185 91 2 179 76 291 1
186 50 1014 173 1240 250 0
186 55 119 186 213 239 0
186 91 2 179 79 292 1
187 50 1029 175 1240 253 0
187 55 126 186 219 238 0
187 91 2 179 81 293 1
188 50 1045 176 1240 257 0
188 55 133 185 224 238 0
188 91 2 179 86 293 1
189 50 1061 178 1240 260 0
189 55 139 185 230 237 0
189 91 2 179 90 294 1
190 50 1078 179 1240 263 0
190 55 146 184 236 237 0
190 91 2 179 94 295 1
191 50 1095 181 1240 266 0
191 55 153 184 242 238 0
191 91 2 178 101 294 1
192 50 1112 182 1240 270 0
192 55 162 185 251 238 0
192 91 2 178 107 294 1
193 50 1131 184 1240 273 0
193 55 171 185 259 238 0
193 91 2 177 114 294 1
194 55 180 185 268 239 0
194 91 2 176 124 293 1
195 55 190 185 276 239 0
195 91 2 175 133 292 1
196 55 201 185 287 238 0
196 91 2 174 144 292 1
197 55 212 184 298 237 0
197 91 2 173 154 291 1
198 55 223 184 308 237 0
198 91 2 172 164 290 1
199 55 234 183 319 236 0
199 91 2 171 174 289 1
200 55 245 182 330 235 0
200 56 162 183 236 240 0
200 91 2 170 184 288 1
201 55 259 183 344 236 0
201 56 179 183 251 241 0
201 91 2 171 199 289 1
202 55 274 184 358 237 0
202 56 195 184 266 241 0
202 91 2 171 215 289 1
203 55 288 185 372 238 0
203 56 211 184 281 242 0
203 91 2 172 230 290 1
204 55 308 186 390 239 0
204 56 229 185 299 242 0
204 91 2 172 245 290 1
205 55 328 187 408 240 0
205 56 248 186 317 243 0
205 91 2 172 260 291 1
206 55 347 186 429 240 0
206 56 270 186 338 243 0
206 91 6 173 282 291 1
207 55 370 185 452 239 0
207 56 292 185 359 242 0
207 91 33 173 304 292 1
208 55 397 185 477 239 0
208 56 319 185 385 242 0
208 91 61 173 326 293 1
209 55 423 184 502 238 0
209 56 346 185 412 242 0
209 91 92 173 353 294 1
210 55 450 183 527 237 0
210 56 373 184 438 241 0
210 58 2 187 116 233 0
210 91 124 173 381 295 1
210 92 2 206 102 274 0
211 55 479 183 557 237 0
211 56 403 184 468 241 0
211 58 34 186 155 231 0
211 91 156 173 410 296 1
211 92 2 205 137 274 0
212 55 509 182 587 238 0
212 56 434 183 499 240 0
212 58 76 185 192 229 0
212 91 189 172 440 298 1
212 92 15 205 172 273 0
213 55 540 181 619 238 0
213 56 465 182 530 239 0
213 58 117 185 228 228 0
213 91 222 172 471 299 1
213 92 55 205 206 272 0
214 55 572 181 652 238 0
214 56 496 181 562 238 0
214 58 159 184 266 226 0
214 91 255 171 502 300 1
214 92 94 204 240 271 0
215 55 605 180 687 238 0
215 56 528 180 594 238 0
215 58 199 183 303 224 0
215 91 288 171 534 302 1
215 92 133 202 275 269 0
216 55 639 180 723 239 0
216 56 559 179 626 238 0
216 58 237 182 338 222 0
216 91 319 169 567 305 1
216 92 171 201 309 268 0
217 55 674 180 761 241 0
217 56 591 178 659 238 0
217 58 275 180 373 220 0
217 91 351 168 602 307 1
217 92 208 200 344 266 0
218 55 710 180 802 243 0
218 56 624 177 695 239 0
218 58 309 179 406 219 0
218 91 383 166 639 310 1
218 92 245 199 378 265 0
219 55 747 179 843 244 0
219 56 659 176 732 239 0
219 58 344 179 439 218 0
219 91 412 164 674 314 1
219 92 276 197 407 265 0
220 55 785 178 888 245 0
220 56 696 175 771 240 0
220 57 190 192 255 231 0
220 58 376 178 470 218 0
220 64 129 185 159 209 0
220 91 443 162 711 318 0
220 92 307 196 437 264 0
221 55 821 175 931 245 0
221 56 730 173 809 240 0
221 57 222 191 285 229 0
221 58 405 176 499 216 0
221 64 170 184 198 208 0
221 91 469 159 750 324 0
221 92 335 195 464 264 0
222 55 859 171 980 245 0
222 56 764 171 851 241 0
222 57 254 189 316 227 0
222 58 434 174 528 214 0
222 64 207 182 233 205 0
222 91 496 155 792 331 0
222 92 364 194 493 264 0
223 55 902 167 1034 245 0
223 56 798 169 896 242 0
223 57 286 187 346 225 0
223 58 464 172 558 212 0
223 64 241 180 266 203 0
223 91 526 151 841 339 0
223 92 394 193 522 264 0
224 55 947 163 1094 246 0
224 56 835 166 946 243 0
224 57 318 186 377 223 0
224 58 494 170 589 211 0
224 64 274 180 299 202 0
224 91 555 146 892 349 0
224 92 421 192 551 265 0
225 55 997 158 1162 246 0
225 56 874 163 1000 244 0
225 57 349 184 408 222 0
225 58 525 168 620 209 0
225 64 310 177 335 199 0
225 91 586 140 952 360 0
225 92 449 191 583 267 0
226 55 1054 154 1240 249 0
226 56 914 161 1055 248 0
226 57 381 183 438 221 0
226 58 554 165 651 207 0
226 64 346 175 371 197 0
226 91 618 135 1026 373 0
226 92 479 190 616 268 0
227 55 1119 149 1240 253 0
227 56 958 159 1117 252 0
227 57 413 182 468 220 0
227 58 584 165 682 207 0
227 64 377 175 401 197 0
227 91 655 128 1118 373 0
227 92 507 190 647 270 0
228 55 1188 146 1240 261 0
228 56 1008 156 1189 256 0
228 57 441 182 496 220 0
228 58 615 164 715 208 0
228 64 408 175 432 197 0
228 91 692 120 1230 373 0
228 92 537 189 681 272 0
229 55 1240 142 1240 271 0
229 57 466 183 522 222 0
229 58 642 165 746 210 0
229 64 434 176 459 198 0
229 91 730 110 1240 373 0
229 92 561 190 713 278 0
230 54 15 203 221 320 0
230 55 1240 138 1240 284 0
230 57 489 184 546 224 0
230 58 671 165 777 211 0
230 59 477 181 523 217 0
230 60 308 186 350 217 0
230 61 612 174 709 207 0
230 64 463 178 485 200 0
230 91 767 95 1240 373 0
230 92 586 191 748 285 0
231 54 18 206 231 330 0
231 57 508 186 567 228 0
231 58 693 166 803 214 0
231 59 497 184 543 220 0
231 60 330 189 373 220 0
231 61 633 176 732 209 0
231 64 482 180 505 203 0
231 91 810 73 1240 373 0
231 92 607 193 779 294 0
232 54 9 210 241 342 0
232 57 529 189 589 231 0
232 58 717 167 831 216 0
232 59 518 186 564 223 0
232 60 348 190 392 222 0
232 61 655 177 757 211 0
232 64 502 182 525 204 0
232 91 858 28 1240 373 0
232 92 629 195 815 304 0
233 54 2 211 245 353 0
233 57 546 189 608 232 0
233 58 742 168 860 219 0
233 59 536 186 583 224 0
233 60 366 190 410 222 0
233 61 678 179 782 214 0
233 64 523 182 545 205 0
233 91 914 2 1240 373 0
233 92 654 198 856 315 0
234 54 2 213 251 364 0
234 57 565 189 629 234 0
234 58 766 169 890 222 0
234 59 555 187 602 225 0
234 60 385 190 428 222 0
234 61 699 179 807 215 0
234 64 542 183 566 206 0
234 92 678 198 899 327 0
235 54 2 215 256 373 0
235 57 584 189 650 235 0
235 58 793 170 923 225 0
235 59 574 187 622 226 0
235 60 403 190 447 222 0
235 61 722 179 833 216 0
235 64 563 182 586 205 0
235 92 706 199 951 341 0
236 54 2 214 258 373 0
236 57 603 188 671 236 0
236 58 818 168 955 226 0
236 59 592 186 642 226 0
236 60 419 189 464 221 0
236 61 744 178 860 216 0
236 64 581 180 604 204 0
236 92 730 200 1008 358 0
237 54 2 213 260 373 0
237 57 621 188 692 237 0
237 58 846 167 989 226 0
237 59 610 184 662 226 0
237 60 434 187 480 220 0
237 61 767 177 888 216 0
237 64 599 179 622 203 0
237 92 759 202 1080 373 0
238 54 2 212 252 373 0
238 57 635 187 709 237 0
238 58 869 166 1019 229 0
238 59 626 183 679 225 0
238 60 446 186 493 219 0
238 61 787 176 913 217 0
238 64 613 178 636 202 0
238 92 792 203 1173 373 0
239 54 2 212 243 373 0
239 57 651 187 727 239 0
239 58 893 166 1053 232 0
239 59 639 183 694 226 0
239 60 458 185 505 218 0
239 61 806 175 938 218 0
239 64 624 177 648 201 0
239 92 819 206 1240 373 0
240 54 2 211 232 373 0
240 57 665 187 744 241 0
240 58 920 166 1089 235 0
240 59 652 182 708 227 0
240 60 467 184 514 218 0
240 61 824 176 961 220 0
240 63 876 176 1022 229 0
240 64 636 176 661 201 0
240 92 853 210 1240 373 0
241 54 2 214 203 373 0
241 57 676 187 760 244 0
241 58 942 165 1121 237 0
241 59 663 183 722 229 0
241 60 473 184 522 219 0
241 61 838 176 980 222 0
241 63 892 175 1046 230 0
241 64 648 176 673 201 0
241 92 894 214 1240 373 0
242 54 2 217 167 373 0
242 57 685 188 774 248 0
242 58 966 164 1157 240 0
242 59 671 183 733 231 0
242 60 476 185 526 220 0
242 61 852 175 1000 223 0
242 63 910 174 1072 232 0
242 64 656 178 681 203 0
242 92 947 219 1240 373 0
243 54 2 222 123 373 0
243 57 692 187 787 250 0
243 58 988 163 1191 244 0
243 59 678 183 741 233 0
243 60 480 184 531 220 0
243 61 867 175 1022 224 0
243 63 929 174 1100 234 0
243 64 662 176 688 202 0
244 54 2 227 65 373 0
244 57 700 187 801 253 0
244 58 1013 161 1231 247 0
244 59 684 183 750 234 0
244 60 481 183 532 221 0
244 61 882 175 1045 226 0
244 63 950 173 1132 236 0
244 64 667 176 693 202 0
245 54 2 238 2 373 0
245 57 709 186 817 256 0
245 58 1040 160 1240 251 0
245 59 692 182 760 236 0
245 60 482 183 534 221 0
245 61 899 174 1070 228 0
245 63 973 171 1166 239 0
245 64 672 175 699 201 0
246 57 716 185 832 259 0
246 58 1064 158 1240 255 0
246 59 697 181 769 236 0
246 60 481 182 536 220 0
246 61 913 170 1091 227 0
246 63 991 170 1196 241 0
246 64 675 173 702 200 0
247 57 725 184 849 262 0
247 58 1090 156 1240 260 0
247 59 703 179 780 237 0
247 60 480 180 537 220 0
247 61 928 168 1116 226 0
247 63 1012 168 1231 243 0
247 64 679 171 707 199 0
248 57 734 183 868 265 0
248 58 1120 154 1240 266 0
248 59 710 177 792 238 0
248 60 479 178 539 219 0
248 61 944 165 1142 226 0
248 63 1037 168 1240 248 0
248 64 684 170 712 198 0
249 57 743 186 889 275 0
249 58 1153 152 1240 273 0
249 59 715 180 803 243 0
249 60 476 181 539 223 0
249 61 961 168 1170 232 0
249 63 1064 168 1240 253 0
249 64 687 171 716 199 0
250 57 753 189 912 286 0
250 58 1192 149 1240 280 0
250 59 721 182 815 249 0
250 60 474 183 539 226 0
250 61 980 171 1202 239 0
250 62 501 182 556 219 0
250 63 1094 168 1240 260 0
250 64 689 174 719 203 0
250 67 240 186 349 221 0
251 57 762 191 939 298 0
251 59 726 184 827 256 0
251 60 470 186 537 231 0
251 61 996 172 1235 244 0
251 62 500 184 555 223 0
251 63 1124 170 1240 268 0
251 64 692 177 722 207 0
251 67 231 187 343 223 0
252 57 772 194 972 312 0
252 59 732 187 840 264 0
252 60 466 189 535 236 0
252 61 1014 173 1240 250 0
252 62 498 187 554 227 0
252 63 1157 171 1240 277 0
252 64 693 179 724 209 0
252 67 221 188 337 224 0
253 57 783 196 1010 326 0
253 59 738 190 855 272 0
253 60 460 189 532 239 0
253 61 1034 174 1240 256 0
253 62 494 188 552 230 0
253 63 1195 173 1240 288 0
253 64 695 181 726 212 0
253 67 211 188 331 226 0
254 57 796 197 1057 345 0
254 59 743 189 870 276 0
254 60 455 190 528 241 0
254 61 1055 176 1240 264 0
254 62 489 187 549 230 0
254 63 1239 175 1240 302 0
254 64 694 180 727 211 0
254 67 197 189 321 229 0
255 57 810 200 1117 368 0
255 59 749 188 887 281 0
255 60 448 187 524 240 0
255 61 1080 177 1240 272 0
255 62 485 186 546 230 0
255 63 1240 178 1240 318 0
255 64 693 178 728 210 0
255 67 182 191 311 231 0
256 57 828 201 1197 373 0
256 59 756 188 907 288 0
256 60 439 185 520 239 0
256 61 1107 177 1240 280 0
256 62 480 183 542 228 0
256 64 693 176 729 209 0
256 67 166 187 300 229 0
257 57 849 203 1240 373 0
257 59 764 187 931 296 0
257 60 430 182 515 239 0
257 61 1139 177 1240 288 0
257 62 475 181 539 226 0
257 64 693 174 730 207 0
257 67 149 183 289 226 0
258 57 875 205 1240 373 0
258 59 773 187 959 305 0
258 60 420 183 510 243 0
258 61 1174 177 1240 299 0
258 62 469 181 535 229 0
258 64 693 174 731 208 0
258 67 131 185 276 229 0
259 57 908 207 1240 373 0
259 59 783 187 993 317 0
259 60 410 184 505 247 0
259 61 1215 177 1240 312 0
259 62 462 182 531 232 0
259 64 693 175 733 210 0
259 67 111 186 263 233 0
260 57 951 211 1240 373 0
260 59 795 186 1035 331 0
260 60 398 186 499 252 0
260 61 1240 176 1240 330 0
260 62 455 183 527 235 0
260 64 694 175 735 211 0
260 65 491 187 546 225 0
260 66 512 184 561 218 0
260 67 89 188 249 237 0
261 59 809 187 1092 352 0
261 60 385 186 493 256 0
261 62 447 183 523 237 0
261 64 694 175 737 212 0
261 65 486 187 543 226 0
261 66 509 184 559 219 0
261 67 66 189 234 240 0
262 59 827 188 1167 373 0
262 60 371 186 486 260 0
262 62 439 184 518 240 0
262 64 695 174 739 212 0
262 65 480 186 539 227 0
262 66 505 184 556 220 0
262 67 40 190 217 243 0
263 59 848 189 1240 373 0
263 60 355 186 479 265 0
263 62 430 184 513 243 0
263 64 696 174 741 213 0
263 65 473 188 536 229 0
263 66 501 184 554 221 0
263 67 12 191 199 247 0
264 59 873 191 1240 373 0
264 60 336 187 471 271 0
264 62 420 184 508 247 0
264 64 697 175 743 215 0
264 65 467 189 532 232 0
264 66 496 185 550 223 0
264 67 2 193 180 251 0
265 59 906 193 1240 373 0
265 60 315 187 462 277 0
265 62 408 185 502 251 0
265 64 698 175 746 216 0
265 65 460 190 528 235 0
265 66 491 186 547 226 0
265 67 2 194 159 256 0
266 59 949 193 1240 373 0
266 60 291 188 452 286 0
266 62 395 185 496 254 0
266 64 699 175 749 217 0
266 65 452 190 524 237 0
266 66 486 186 544 227 0
266 67 2 194 135 260 0
267 59 1007 194 1240 373 0
267 60 262 188 441 293 0
267 62 381 185 489 259 0
267 64 700 175 752 218 0
267 65 444 190 520 239 0
267 66 480 186 540 228 0
267 67 2 195 108 264 0
268 60 229 188 429 303 0
268 62 365 185 482 264 0
268 64 702 174 755 220 0
268 65 435 189 515 241 0
268 66 474 185 537 229 0
268 67 2 195 78 269 0
269 60 188 187 414 314 0
269 62 347 185 474 269 0
269 64 703 174 759 221 0
269 65 424 190 509 245 0
269 66 468 185 533 231 0
269 67 2 196 45 275 0
270 60 138 189 397 333 0
270 62 326 185 465 275 0
270 64 705 174 763 222 0
270 65 412 191 503 248 0
270 66 461 186 530 234 0
270 67 2 196 8 281 0
270 68 572 180 603 202 0
271 60 73 189 378 352 0
271 62 302 185 455 281 0
271 64 707 173 767 223 0
271 65 400 191 497 251 0
271 66 453 185 525 235 0
271 68 570 179 602 201 0
272 60 2 190 354 373 0
272 62 274 184 444 289 0
272 64 709 172 772 224 0
272 65 386 190 490 254 0
272 66 444 184 521 236 0
272 68 568 178 600 200 0
273 60 2 190 325 373 0
273 62 240 183 432 297 0
273 64 711 171 778 225 0
273 65 371 190 482 258 0
273 66 434 183 516 237 0
273 68 566 177 599 200 0
274 60 2 189 289 373 0
274 62 199 183 418 310 0
274 64 713 169 783 226 0
274 65 353 189 473 262 0
274 66 423 182 511 239 0
274 68 563 176 597 199 0
275 60 2 192 242 373 0
275 62 149 183 402 325 0
275 64 715 168 790 228 0
275 65 332 191 463 269 0
275 66 410 183 505 244 0
275 68 561 176 595 199 0
276 60 2 195 183 373 0
276 62 83 184 382 347 0
276 64 718 168 797 231 0
276 65 308 191 452 276 0
276 66 394 183 497 247 0
276 68 557 176 593 200 0
277 60 2 200 102 373 0
277 62 2 185 357 373 0
277 64 720 168 804 233 0
277 65 279 192 439 284 0
277 66 377 183 488 251 0
277 68 554 176 590 201 0
278 60 2 209 2 373 0
278 62 2 187 326 373 0
278 64 722 168 812 237 0
278 65 246 194 425 297 0
278 66 359 185 479 258 0
278 68 550 176 587 202 0
279 60 2 217 2 373 0
279 62 2 189 289 373 0
279 64 725 170 822 243 0
279 65 207 198 409 313 0
279 66 337 187 469 267 0
279 68 547 179 584 205 0
280 60 2 234 2 373 0
280 62 2 192 240 373 0
280 64 728 173 833 251 0
280 65 157 202 390 332 0
280 66 313 190 457 277 0
280 68 543 182 582 209 0
280 69 715 185 778 229 0
280 70 705 180 752 219 0
280 71 699 181 738 213 0
280 76 601 180 622 196 0
281 62 2 193 184 373 0
281 64 733 174 845 256 0
281 65 91 203 368 352 0
281 66 286 192 447 287 0
281 68 539 185 579 213 0
281 69 718 188 784 235 0
281 70 706 184 756 225 0
281 71 700 184 739 216 0
281 76 599 183 620 199 0
282 62 2 198 106 373 0
282 64 737 175 858 263 0
282 65 3 204 341 373 0
282 66 255 193 435 298 0
282 68 534 183 575 212 0
282 69 718 187 788 236 0
282 70 707 182 759 224 0
282 71 699 183 741 217 0
282 76 596 182 617 198 0
283 62 2 198 2 373 0
283 64 742 169 875 264 0
283 65 2 206 308 373 0
283 66 217 190 421 303 0
283 68 530 178 573 207 0
283 69 721 182 794 233 0
283 70 707 178 762 222 0
283 71 700 179 743 213 0
283 76 594 176 616 193 0
284 62 2 209 2 373 0
284 64 748 163 893 265 0
284 65 2 208 267 373 0
284 66 170 187 405 313 0
284 68 526 173 570 203 0
284 69 724 176 802 229 0
284 70 709 170 767 216 0
284 71 702 170 747 206 0
284 76 591 170 614 187 0
285 62 2 228 2 373 0
285 64 754 155 915 266 0
285 65 2 211 212 373 0
285 66 111 187 386 329 0
285 68 522 171 567 202 0
285 69 728 174 810 229 0
285 70 711 166 773 214 0
285 71 702 169 749 205 0
285 76 589 168 612 185 0
286 64 761 156 943 277 0
286 65 2 218 145 373 0
286 66 32 190 362 356 0
286 68 517 172 564 204 0
286 69 732 176 820 235 0
286 70 713 168 778 218 0
286 71 704 170 752 208 0
286 76 587 169 610 187 0
287 64 770 156 977 290 0
287 65 2 228 50 373 0
287 66 2 194 332 373 0
287 68 512 174 560 207 0
287 69 736 178 831 240 0
287 70 715 171 783 223 0
287 71 705 172 755 212 0
287 76 585 171 608 189 0
288 64 779 156 1019 307 0
288 65 2 243 2 373 0
288 66 2 197 295 373 0
288 68 507 176 557 210 0
288 69 741 180 844 247 0
288 70 718 173 789 227 0
288 71 706 174 759 215 0
288 76 582 173 606 191 0
289 64 790 157 1073 328 0
289 65 2 269 2 373 0
289 66 2 202 248 373 0
289 68 502 179 553 215 0
289 69 746 182 858 255 0
289 70 720 176 796 233 0
289 71 708 177 762 219 0
289 76 580 176 604 194 0
290 64 803 158 1143 355 0
290 65 2 322 2 373 0
290 66 2 209 186 373 0
290 68 497 183 550 219 0
290 69 754 185 877 263 0
290 70 723 179 803 239 0
290 71 709 179 766 223 0
290 73 698 179 745 215 0
290 76 578 179 603 198 0
291 64 820 156 1240 373 0
291 66 2 220 108 373 0
291 68 490 186 546 225 0
291 69 760 190 896 276 0
291 70 727 181 813 244 0
291 71 711 184 772 231 0
291 73 699 182 749 220 0
291 76 575 183 601 202 0
292 64 842 154 1240 373 0
292 66 2 227 2 373 0
292 68 484 188 543 229 0
292 69 769 193 920 288 0
292 70 731 182 823 250 0
292 71 714 185 777 235 0
292 73 701 184 752 224 0
292 76 573 184 599 204 0
293 64 869 150 1240 373 0
293 66 2 243 2 373 0
293 68 477 187 538 229 0
293 69 779 193 950 297 0
293 70 735 182 836 254 0
293 71 716 185 783 236 0
293 73 702 183 755 224 0
293 76 570 183 597 203 0
294 64 903 142 1240 373 0
294 66 2 262 2 373 0
294 68 469 186 534 230 0
294 69 790 193 987 309 0
294 70 740 181 850 258 0
294 71 718 184 790 238 0
294 73 703 182 759 225 0
294 76 567 182 594 202 0
295 64 948 124 1240 373 0
295 66 2 329 2 373 0
295 68 461 185 529 230 0
295 69 804 193 1032 324 0
295 70 745 180 866 263 0
295 71 721 183 797 239 0
295 73 704 181 763 225 0
295 76 565 181 592 201 0
296 68 453 185 524 232 0
296 69 819 194 1091 344 0
296 70 752 180 884 269 0
296 71 725 182 807 242 0
296 73 706 181 768 228 0
296 76 562 181 590 202 0
297 68 444 185 519 234 0
297 69 838 194 1169 370 0
297 70 760 179 906 276 0
297 71 729 182 817 246 0
297 73 708 181 774 229 0
297 76 559 179 588 201 0
298 68 433 185 513 237 0
298 69 864 197 1240 373 0
298 70 770 179 932 285 0
298 71 734 182 829 249 0
298 73 711 180 780 230 0
298 76 556 178 585 200 0
299 68 422 185 507 239 0
299 69 898 200 1240 373 0
299 70 780 178 963 295 0
299 71 739 181 843 253 0
299 73 714 179 786 232 0
299 76 552 177 583 200 0
300 68 409 185 500 242 0
300 69 942 205 1240 373 0
300 70 793 178 1001 308 0
300 71 745 181 859 258 0
300 72 462 182 528 225 0
300 73 717 178 794 233 0
300 74 491 181 547 215 0
300 75 696 176 757 221 0
300 76 549 178 580 201 0
301 68 396 185 493 246 0
301 69 1001 210 1240 373 0
301 70 809 178 1051 326 0
301 71 752 181 878 265 0
301 72 453 183 524 228 0
301 73 720 178 802 237 0
301 74 485 182 543 217 0
301 75 698 177 762 224 0
301 76 546 178 577 201 0
302 68 381 186 485 251 0
302 69 1086 219 1240 373 0
302 70 828 179 1117 350 0
302 71 760 182 900 274 0
302 72 444 183 519 230 0
302 73 724 178 812 241 0
302 74 478 182 539 219 0
302 75 699 177 768 226 0
302 76 542 178 575 202 0
303 68 363 186 476 256 0
303 69 1219 236 1240 373 0
303 70 851 181 1207 373 0
303 71 769 183 926 284 0
303 72 433 183 513 233 0
303 73 727 179 823 246 0
303 74 470 183 535 222 0
303 75 701 178 774 229 0
303 76 539 178 572 203 0
304 68 343 187 466 262 0
304 69 1240 258 1240 373 0
304 70 881 182 1240 373 0
304 71 779 184 959 297 0
304 72 422 184 507 236 0
304 73 732 180 835 251 0
304 74 462 184 530 224 0
304 75 703 178 781 233 0
304 76 535 179 569 204 0
305 68 320 188 456 269 0
305 69 1240 311 1240 373 0
305 70 920 183 1240 373 0
305 71 792 185 999 312 0
305 72 409 184 500 240 0
305 73 736 180 849 257 0
305 74 454 184 525 227 0
305 75 705 179 789 236 0
305 76 531 179 566 205 0
306 68 295 189 444 277 0
306 70 974 184 1240 373 0
306 71 807 184 1053 329 0
306 72 396 185 493 243 0
306 73 743 180 867 263 0
306 74 445 184 520 229 0
306 75 708 179 797 239 0
306 76 527 179 563 205 0
307 68 265 190 431 287 0
307 70 1053 186 1240 373 0
307 71 826 184 1123 351 0
307 72 382 185 486 247 0
307 73 751 181 887 271 0
307 74 435 184 515 231 0
307 75 712 178 807 243 0
307 76 523 179 560 206 0
308 68 229 191 416 298 0
308 70 1175 192 1240 373 0
308 71 849 186 1222 373 0
308 72 366 186 477 252 0
308 73 760 181 912 280 0
308 74 425 184 510 233 0
308 75 715 178 818 246 0
308 76 519 179 557 207 0
309 68 184 192 399 312 0
309 70 1240 193 1240 373 0
309 71 878 189 1240 373 0
309 72 347 186 467 258 0
309 73 770 182 942 291 0
309 74 413 184 504 236 0
309 75 719 177 830 251 0
309 76 515 178 554 208 0
310 68 128 193 378 329 0
310 70 1240 212 1240 373 0
310 71 915 193 1240 373 0
310 72 325 186 457 264 0
310 73 782 182 979 304 0
310 74 400 184 498 239 0
310 75 724 177 844 255 0
310 76 510 178 551 208 0
310 77 706 176 783 233 0
310 78 697 175 753 219 0
310 79 685 176 733 212 0
311 68 58 194 358 350 0
311 71 967 198 1240 373 0
311 72 301 188 446 271 0
311 73 797 184 1026 322 0
311 74 387 185 491 243 0
311 75 729 177 862 262 0
311 76 506 179 548 210 0
311 77 709 177 792 237 0
311 78 699 175 758 222 0
311 79 685 175 737 213 0
312 68 2 196 333 373 0
312 71 1041 204 1240 373 0
312 72 272 189 434 280 0
312 73 815 185 1088 346 0
312 74 372 186 483 247 0
312 75 736 178 883 271 0
312 76 501 179 545 211 0
312 77 712 177 801 242 0
312 78 701 176 763 225 0
312 79 686 176 740 215 0
313 68 2 198 302 373 0
313 71 1151 213 1240 373 0
313 72 238 190 420 291 0
313 73 838 188 1172 373 0
313 74 355 187 475 253 0
313 75 743 179 908 281 0
313 76 495 179 542 212 0
313 77 716 178 812 247 0
313 78 703 177 769 228 0
313 79 687 177 744 217 0
314 68 2 200 263 373 0
314 71 1240 228 1240 373 0
314 72 196 192 404 304 0
314 73 866 190 1240 373 0
314 74 336 188 465 259 0
314 75 751 180 939 293 0
314 76 490 180 538 214 0
314 77 720 179 825 252 0
314 78 705 178 776 231 0
314 79 689 178 748 220 0
315 68 2 203 212 373 0
315 71 1240 258 1240 373 0
315 72 145 194 385 321 0
315 73 902 194 1240 373 0
315 74 314 189 455 266 0
315 75 761 181 977 307 0
315 76 484 180 535 215 0
315 77 724 180 839 259 0
315 78 708 178 783 235 0
315 79 690 179 752 222 0
316 68 2 210 144 373 0
316 72 83 195 364 339 0
316 73 946 196 1240 373 0
316 74 290 190 444 272 0
316 75 773 182 1023 326 0
316 76 478 180 531 216 0
316 77 730 181 856 266 0
316 78 710 180 790 239 0
316 79 691 180 757 225 0
317 68 2 215 48 373 0
317 72 3 197 339 364 0
317 73 1006 204 1240 373 0
317 74 261 191 433 281 0
317 75 787 183 1083 350 0
317 76 472 180 526 218 0
317 77 736 181 875 273 0
317 78 713 181 798 244 0
317 79 693 180 761 228 0
318 68 2 226 2 373 0
318 72 2 199 309 373 0
318 73 1094 207 1240 373 0
318 74 226 191 420 290 0
318 75 804 185 1165 373 0
318 76 466 179 522 219 0
318 77 744 182 897 282 0
318 78 717 180 809 247 0
318 79 695 180 767 229 0
319 68 2 245 2 373 0
319 72 2 202 271 373 0
319 73 1234 216 1240 373 0
319 74 185 192 405 302 0
319 75 826 187 1240 373 0
319 76 459 179 517 220 0
319 77 752 182 925 293 0
319 78 721 179 821 250 0
319 79 697 179 773 231 0
320 68 2 286 2 373 0
320 72 2 206 223 373 0
320 73 1240 235 1240 373 0
320 74 133 193 387 317 0
320 75 852 189 1240 373 0
320 76 451 179 512 221 0
320 77 762 182 958 306 0
320 78 726 178 834 253 0
320 79 700 178 779 232 0
320 80 479 178 532 215 0
320 81 694 177 750 219 0
321 72 2 211 166 373 0
321 74 72 198 368 339 0
321 75 887 192 1240 373 0
321 76 444 179 507 223 0
321 77 773 182 998 321 0
321 78 732 178 849 260 0
321 79 702 178 787 236 0
321 80 472 178 529 216 0
321 81 695 177 755 221 0
322 72 2 218 88 373 0
322 74 2 199 346 363 0
322 75 935 195 1240 373 0
322 76 435 179 501 225 0
322 77 787 182 1050 341 0
322 78 738 179 867 267 0
322 79 705 178 795 239 0
322 80 466 178 525 217 0
322 81 697 177 760 223 0
323 72 2 228 2 373 0
323 74 2 201 319 373 0
323 75 1003 200 1240 373 0
323 76 425 180 496 228 0
323 77 803 183 1117 367 0
323 78 745 180 888 275 0
323 79 708 179 805 243 0
323 80 459 177 521 219 0
323 81 699 177 765 225 0
324 72 2 245 2 373 0
324 74 2 204 286 373 0
324 75 1106 207 1240 373 0
324 76 415 180 489 230 0
324 77 824 183 1210 373 0
324 78 753 180 913 285 0
324 79 711 179 815 247 0
324 80 451 177 516 220 0
324 81 702 177 771 227 0
325 72 2 273 2 373 0
325 74 2 207 244 373 0
325 75 1240 219 1240 373 0
325 76 404 180 483 233 0
325 77 852 186 1240 373 0
325 78 763 181 943 297 0
325 79 715 179 827 252 0
325 80 443 177 512 222 0
325 81 704 177 778 230 0
326 74 2 209 195 373 0
326 76 392 180 476 236 0
326 77 887 189 1240 373 0
326 78 774 181 979 311 0
326 79 719 179 841 257 0
326 80 435 177 506 223 0
326 81 707 177 784 232 0
327 74 2 215 131 373 0
327 76 378 180 469 238 0
327 77 934 192 1240 373 0
327 78 787 181 1024 327 0
327 79 724 178 857 262 0
327 80 426 177 501 225 0
327 81 709 176 791 235 0
328 74 2 222 44 373 0
328 76 363 179 460 241 0
328 77 1000 197 1240 373 0
328 78 803 181 1083 348 0
328 79 729 178 875 268 0
328 80 416 176 494 227 0
328 81 712 176 799 238 0
329 74 2 233 2 373 0
329 76 346 179 452 245 0
329 77 1101 205 1240 373 0
329 78 821 181 1161 373 0
329 79 735 177 897 275 0
329 80 406 176 488 229 0
329 81 715 176 808 241 0
330 74 2 255 2 373 0
330 76 327 178 442 249 0
330 77 1240 219 1240 373 0
330 78 845 183 1240 373 0
330 79 742 176 923 284 0
330 80 394 175 481 231 0
330 81 719 175 818 244 0
330 88 695 147 769 184 0
331 76 305 180 430 255 0
331 78 875 185 1240 373 0
331 79 749 177 953 296 0
331 80 380 177 473 235 0
331 81 722 176 828 249 0
331 88 686 148 760 185 0
332 76 280 181 416 262 0
332 78 912 187 1240 373 0
332 79 757 178 991 311 0
332 80 365 178 465 240 0
332 81 725 176 841 255 0
332 88 676 148 751 186 0
333 76 251 183 401 270 0
333 78 962 190 1240 373 0
333 79 767 180 1035 330 0
333 80 347 179 455 245 0
333 81 729 177 854 261 0
333 88 666 149 742 187 0
334 76 216 184 383 280 0
334 78 1034 195 1240 373 0
334 79 779 181 1092 354 0
334 80 326 181 444 251 0
334 81 733 178 871 269 0
334 88 655 149 732 188 0
335 76 175 186 363 292 0
335 78 1147 202 1240 373 0
335 79 793 183 1168 373 0
335 80 303 182 432 257 0
335 81 738 179 889 278 0
335 88 645 150 722 189 0
336 76 127 187 343 305 0
336 79 811 184 1240 373 0
336 80 279 183 418 264 0
336 81 744 179 912 287 0
336 88 632 151 711 190 0
337 76 69 189 318 320 0
337 79 832 186 1240 373 0
337 80 252 185 403 272 0
337 81 750 179 939 298 0
337 88 620 152 699 192 0
338 76 2 191 290 339 0
338 79 861 188 1240 373 0
338 80 219 185 387 279 0
338 81 757 179 971 311 0
338 88 607 153 687 193 0
339 76 2 193 255 364 0
339 79 898 190 1240 373 0
339 80 180 184 369 286 0
339 81 766 180 1012 328 0
339 88 594 151 675 192 0
340 76 2 195 213 373 0
340 79 952 194 1240 373 0
340 80 134 184 349 296 0
340 81 776 180 1064 350 0
340 82 469 176 526 203 0
340 83 666 167 689 203 1
340 84 559 172 619 192 0
340 85 349 178 418 202 0
340 87 662 172 726 191 0
340 88 580 149 662 191 0
341 76 2 197 166 373 0
341 80 81 185 326 310 0
341 81 790 181 1132 373 0
341 82 467 175 523 203 0
341 83 667 168 691 204 1
341 84 554 172 615 192 0
341 85 346 178 418 202 0
341 87 658 172 723 192 0
341 88 567 149 650 191 0
342 76 2 202 105 373 0
342 80 16 186 300 327 0
342 81 806 183 1227 373 0
342 82 466 175 521 205 0
342 83 669 168 693 206 1
342 84 548 171 610 193 0
342 85 343 177 418 202 0
342 87 653 172 719 192 0
342 88 553 149 637 191 0
343 76 2 209 27 373 0
343 80 2 189 274 348 0
343 81 827 184 1240 373 0
343 82 464 178 519 209 0
343 83 670 169 695 207 1
343 84 544 173 607 195 0
343 85 341 179 418 205 0
343 87 649 172 716 193 0
343 88 539 151 624 194 0
344 76 2 217 2 373 0
344 80 2 192 243 373 0
344 81 854 187 1240 373 0
344 82 462 180 516 212 0
344 83 672 169 697 209 1
344 84 539 175 603 197 0
344 85 339 181 418 208 0
344 87 644 172 712 193 0
344 88 525 153 611 197 0
345 76 2 228 2 373 0
345 80 2 195 206 373 0
345 81 889 189 1240 373 0
345 82 460 182 513 216 0
345 83 674 170 699 211 1
345 84 534 177 600 199 0
345 85 337 183 418 211 0
345 87 641 174 710 195 0
345 88 510 155 597 199 0
346 80 2 198 162 373 0
346 82 457 182 509 218 0
346 83 677 169 703 212 1
346 84 530 176 597 199 0
346 85 337 182 420 211 0
346 87 638 174 709 195 0
346 88 495 154 584 200 0
347 80 2 200 108 373 0
347 82 454 181 505 220 0
347 83 681 170 707 214 1
347 84 526 176 594 199 0
347 85 337 182 421 212 0
347 87 635 173 707 195 0
347 88 480 154 571 200 0
348 80 2 202 40 373 0
348 82 449 181 500 222 0
348 83 684 168 712 214 1
348 84 522 176 592 199 0
348 85 337 182 422 212 0
348 87 632 173 705 195 0
348 88 465 153 557 200 0
349 80 2 206 2 373 0
349 82 444 181 494 224 0
349 83 688 167 716 214 1
349 84 518 175 589 200 0
349 85 338 181 424 213 0
349 87 629 173 703 195 0
349 88 448 153 542 200 0
350 80 2 213 2 373 0
350 82 437 181 488 227 0
350 83 692 166 721 216 1
350 84 514 175 585 200 0
350 85 338 180 425 214 0
350 86 2 180 122 246 0
350 87 626 172 701 195 0
350 88 431 153 527 201 0
351 82 426 181 482 231 0
351 83 698 166 727 217 1
351 84 511 175 584 200 0
351 85 339 181 427 215 0
351 86 2 181 104 250 0
351 87 624 172 701 196 0
351 88 415 153 513 202 0
352 82 414 182 478 235 0
352 83 703 165 734 218 1
352 84 508 175 583 201 0
352 85 340 181 429 217 0
352 86 2 182 84 255 0
352 87 622 172 700 197 0
352 88 398 153 499 203 0
353 82 401 182 474 240 0
353 83 710 164 741 219 1
353 84 506 175 583 202 0
353 85 342 182 432 220 0
353 86 2 183 62 260 0
353 87 621 173 701 197 0
353 88 381 153 483 204 0
354 82 384 183 468 246 0
354 83 716 164 748 222 1
354 84 503 176 582 203 0
354 85 343 182 434 222 0
354 86 2 185 39 266 0
354 87 620 173 701 198 0
354 88 363 154 468 205 0
355 82 363 183 462 254 0
355 83 724 165 756 225 1
355 84 500 176 581 204 0
355 85 345 183 437 225 0
355 86 2 186 14 273 0
355 87 618 173 701 199 0
355 88 345 154 452 206 0
356 82 341 185 453 263 0
356 83 731 163 766 226 1
356 84 498 176 580 205 0
356 85 347 183 438 227 0
356 87 618 174 702 200 0
356 88 326 155 436 207 0
357 82 312 186 443 275 0
357 83 740 164 776 230 1
357 84 496 177 579 206 0
357 85 349 182 440 229 0
357 87 617 174 703 201 0
357 88 307 155 419 209 0
358 82 276 188 430 291 0
358 83 748 164 786 232 1
358 84 494 177 579 207 0
358 85 351 183 439 233 0
358 87 617 175 704 202 0
358 88 288 156 402 210 0
359 82 227 190 414 312 0
359 83 758 162 798 235 1
359 84 491 178 578 208 0
359 85 349 185 439 238 0
359 87 616 175 705 203 0
359 88 268 157 385 212 0
360 82 157 193 394 342 0
360 83 770 164 812 240 1
360 84 489 178 578 209 0
360 85 349 186 438 244 0
360 87 615 176 706 204 0
360 88 247 158 367 214 0
360 89 137 179 265 222 1
361 82 56 198 371 373 0
361 83 781 165 826 245 1
361 84 488 179 578 210 0
361 85 346 189 437 251 0
361 87 617 177 709 206 0
361 88 229 158 351 214 0
361 89 150 179 280 222 1
362 82 2 202 335 373 0
362 83 794 165 842 249 1
362 84 487 179 579 212 0
362 85 343 189 434 258 0
362 87 618 177 713 207 0
362 88 210 158 334 215 0
362 89 164 179 296 223 1
363 82 2 209 282 373 0
363 83 809 162 860 251 1
363 84 485 178 579 211 0
363 85 338 188 426 263 0
363 87 619 176 715 206 0
363 88 192 158 318 216 0
363 89 179 178 313 224 1
364 82 2 218 199 373 0
364 83 826 162 881 257 1
364 84 483 177 579 211 0
364 85 321 188 419 269 0
364 87 620 175 718 205 0
364 88 172 158 300 216 0
364 89 194 178 330 224 1
365 82 2 237 44 373 0
365 83 845 160 904 261 1
365 84 482 176 580 210 0
365 85 300 186 410 277 0
365 87 621 173 721 204 0
365 88 152 158 283 217 0
365 89 210 177 348 225 1
366 83 863 159 928 266 1
366 84 479 176 579 211 0
366 85 271 191 403 295 0
366 87 622 173 723 205 0
366 88 132 158 265 218 0
366 89 229 177 368 226 1
367 83 884 158 955 273 1
367 84 476 176 578 211 0
367 85 231 189 396 308 0
367 87 622 173 725 205 0
367 88 111 159 246 219 0
367 89 248 176 389 226 1
368 83 909 157 986 281 1
368 84 473 175 577 212 0
368 85 171 192 385 332 0
368 87 622 173 727 206 0
368 88 90 159 227 220 0
368 89 267 176 410 227 1
369 83 936 155 1021 288 1
369 84 470 175 576 213 0
369 85 86 194 372 365 0
369 87 623 173 729 206 0
369 88 68 160 207 221 0
369 89 288 175 433 227 1
370 83 967 154 1063 299 1
370 84 467 175 575 213 0
370 85 2 197 342 373 0
370 87 623 173 732 207 0
370 88 46 160 188 223 0
370 89 310 174 456 228 1
371 83 995 153 1101 309 1
371 84 463 175 574 214 0
371 85 2 202 313 373 0
371 87 623 173 733 208 0
371 88 23 160 167 223 0
371 89 333 174 481 228 1
372 83 1026 153 1146 323 1
372 84 458 176 571 216 0
372 85 2 208 273 373 0
372 87 622 173 735 209 0
372 88 2 160 146 223 0
372 89 358 173 507 229 1
373 83 1064 152 1200 338 1
373 84 451 176 567 217 0
373 85 2 217 212 373 0
373 87 621 173 735 210 0
373 88 2 160 124 223 0
373 89 383 173 535 230 1
374 83 1108 152 1240 358 1
374 84 445 176 563 219 0
374 85 2 232 113 373 0
374 87 619 174 736 210 0
374 88 2 159 102 224 0
374 89 410 172 564 231 1
375 83 1161 151 1240 373 1
375 84 436 177 558 220 0
375 85 2 261 2 373 0
375 87 618 174 736 211 0
375 88 2 159 80 224 0
375 89 438 172 594 231 1
376 83 1206 151 1240 373 1
376 84 427 177 552 222 0
376 87 612 174 731 212 0
376 89 465 171 623 232 1
377 83 1240 150 1240 373 1
377 84 416 178 543 224 0
377 87 606 175 727 213 0
377 89 493 171 653 233 1
378 83 1240 145 1240 373 1
378 84 404 179 534 227 0
378 87 599 175 722 215 0
378 89 523 170 684 233 1
379 83 1240 140 1240 373 1
379 84 392 180 525 229 0
379 87 593 176 718 216 0
379 89 553 170 716 234 1
380 83 1240 136 1240 373 0
380 84 379 181 515 232 0
380 87 586 176 713 217 0
380 89 585 169 750 235 0
381 84 367 181 505 233 0
381 87 581 174 707 215 0
381 89 619 168 788 234 0
382 84 354 180 494 234 0
382 87 573 173 703 215 0
382 89 652 167 826 234 0
383 84 341 180 483 236 0
383 87 566 173 697 216 0
383 89 686 165 866 233 0
384 84 327 180 472 237 0
384 87 558 173 692 216 0
384 89 721 164 906 233 0
385 84 313 180 459 239 0
385 87 550 173 686 217 0
385 89 757 162 948 232 0
386 84 300 180 449 241 0
386 87 543 174 680 219 0
386 89 796 161 992 232 0
387 84 286 180 439 243 0
387 87 535 174 673 220 0
387 89 836 160 1037 231 0
388 84 271 180 428 245 0
388 87 527 175 667 221 0
388 89 877 160 1082 231 0
389 84 257 182 417 251 0
389 87 518 175 660 222 0
389 89 918 159 1128 230 0
390 84 242 185 406 256 0
390 87 510 176 653 223 0
390 89 960 158 1175 230 0
391 84 227 186 396 261 0
391 87 500 176 645 225 0
391 89 1003 157 1223 229 0
392 84 210 187 385 265 0
392 87 490 176 637 226 0
392 89 1046 155 1240 228 0
393 84 192 188 373 270 0
393 87 480 177 629 227 0
393 89 1089 154 1240 227 0
394 84 172 189 361 276 0
394 87 469 177 620 229 0
394 89 1133 153 1240 226 0
395 84 149 190 347 282 0
395 87 458 178 611 230 0
395 89 1177 152 1240 225 0
396 84 128 191 337 289 0
396 87 447 178 602 232 0
396 89 1223 151 1240 224 0
397 84 105 192 325 296 0
397 87 434 179 592 234 0
397 89 1240 149 1240 223 0
398 84 79 193 313 304 0
398 87 421 180 582 237 0
398 89 1240 150 1240 223 0
399 84 49 194 299 313 0
399 87 408 181 571 239 0
399 89 1240 147 1240 220 0
400 84 15 195 284 323 0
400 87 394 181 560 241 0
400 89 1240 146 1240 220 0
401 84 2 196 271 335 0
401 87 381 182 550 243 0
402 84 2 197 255 349 0
402 87 367 182 539 245 0
403 84 2 198 238 366 0
403 87 352 182 528 248 0
404 84 2 199 219 373 0
404 87 337 182 517 250 0
405 84 2 201 197 373 0
405 87 320 183 504 253 0
406 84 2 203 174 373 0
406 87 307 184 494 256 0
407 84 2 207 146 373 0
407 87 292 185 484 260 0
408 84 2 209 112 373 0
408 87 277 186 472 264 0
409 84 2 212 72 373 0
409 87 260 187 460 269 0
410 84 2 217 22 373 0
410 87 242 188 447 273 0
411 87 222 188 436 279 0
412 87 200 189 424 285 0
413 87 176 190 410 291 0
414 87 148 191 395 298 0
415 87 117 191 379 307 0
416 87 85 192 367 317 0
417 87 47 193 354 329 0
418 87 3 194 340 344 0
419 87 2 196 323 361 0
420 87 2 197 305 373 0
421 87 2 199 285 373 0
422 87 2 201 263 373 0
423 87 2 203 236 373 0
424 87 2 206 204 373 0
425 87 2 209 165 373 0
