0 11 2 182 111 236 0
0 12 93 170 218 225 0
0 13 202 179 285 216 0
0 14 306 165 361 207 0
1 11 2 183 78 242 0
1 12 62 171 197 228 0
1 13 182 180 270 219 0
1 14 292 166 350 209 0
2 11 2 185 40 248 0
2 12 26 171 174 232 0
2 13 161 181 254 222 0
2 14 277 168 338 212 0
3 12 2 171 149 236 0
3 13 137 182 237 225 0
3 14 262 167 325 213 0
4 12 2 172 121 241 0
4 13 110 182 218 227 0
4 14 245 166 312 215 0
5 12 2 172 89 246 0
5 13 79 182 197 229 0
5 14 226 166 297 216 0
6 12 2 171 51 252 0
6 13 45 181 173 232 0
6 14 206 165 282 218 0
7 12 2 171 8 258 0
7 13 7 181 147 235 0
7 14 184 165 265 220 0
8 13 2 180 118 238 0
8 14 160 164 247 222 0
9 13 2 180 86 241 0
9 14 134 164 226 225 0
10 13 2 179 49 245 0
10 14 104 163 204 228 0
11 14 73 164 182 232 0
12 14 39 164 157 237 0
13 14 2 165 129 242 0
14 14 2 166 98 248 0
15 14 2 166 63 255 0
30 2 714 170 732 185 0
31 2 715 171 733 185 0
32 2 716 171 735 186 0
33 2 717 173 736 188 0
34 2 717 172 736 188 0
35 2 718 172 737 188 0
36 2 718 171 737 187 0
37 2 718 170 738 187 0
38 2 719 173 739 190 0
39 2 718 173 738 190 0
40 1 568 172 596 188 0
40 2 718 173 738 190 0
41 1 562 171 591 188 0
41 2 717 173 738 190 0
42 1 556 172 586 189 0
42 2 717 172 738 191 0
43 1 549 174 580 191 0
43 2 717 172 738 191 0
44 1 542 174 575 192 0
44 2 717 173 738 191 0
45 1 536 176 569 194 0
45 2 717 174 738 193 0
46 1 528 177 563 197 0
46 2 716 175 739 195 0
47 1 520 177 557 197 0
47 2 716 176 739 196 0
48 1 511 177 550 198 0
48 2 716 176 739 196 0
49 1 501 178 542 200 0
49 2 715 176 739 197 0
50 1 491 177 534 200 0
50 2 714 176 739 197 0
51 1 479 176 524 200 0
51 2 713 175 738 197 0
52 1 466 176 514 201 0
52 2 712 175 738 197 0
53 1 452 177 504 203 0
53 2 711 175 737 198 0
54 1 438 177 493 205 0
54 2 710 175 736 199 0
55 1 422 177 481 207 0
55 2 708 174 736 198 0
56 1 404 178 468 209 0
56 2 707 173 735 198 0
57 1 384 179 453 212 0
57 2 705 174 734 200 0
58 1 362 180 437 215 0
58 2 703 175 734 202 0
59 1 338 180 420 217 0
59 2 702 176 733 203 0
60 1 311 180 401 220 0
60 2 700 175 732 203 1
60 3 819 169 864 185 1
60 4 574 172 583 194 1
60 6 882 167 932 185 0
61 1 280 179 379 223 0
61 2 698 174 732 203 1
61 3 815 169 861 184 1
61 4 571 172 581 195 1
61 6 882 166 932 184 0
62 1 245 179 356 227 0
62 2 696 173 731 203 1
62 3 811 168 857 184 1
62 4 568 172 578 195 1
62 6 881 165 932 183 0
63 1 203 179 329 231 0
63 2 696 173 732 204 1
63 3 807 167 854 183 1
63 4 565 172 576 195 1
63 6 882 164 933 182 0
64 1 154 180 299 238 0
64 2 695 173 732 205 1
64 3 803 167 851 183 1
64 4 563 171 574 196 1
64 6 883 164 935 183 0
65 1 93 182 264 248 0
65 2 695 174 734 206 1
65 3 799 169 848 186 1
65 4 561 171 572 196 1
65 6 884 164 937 183 0
66 1 23 183 225 258 0
66 2 694 174 735 207 1
66 3 795 169 844 185 1
66 4 559 171 570 196 1
66 6 885 166 939 185 0
67 1 2 185 178 271 0
67 2 694 174 737 208 1
67 3 791 167 841 184 1
67 4 557 171 568 197 1
67 6 886 164 940 183 0
68 1 2 186 118 288 0
68 2 695 173 739 208 1
68 3 787 166 837 183 1
68 4 554 171 566 197 1
68 6 886 162 941 182 0
69 1 2 189 47 314 0
69 2 696 172 742 208 1
69 3 782 165 833 182 1
69 4 551 171 564 197 1
69 6 885 161 942 181 0
70 1 2 193 2 352 0
70 2 696 172 745 210 1
70 3 777 164 828 182 1
70 4 548 170 562 198 1
70 6 885 161 942 181 0
70 8 1073 154 1140 179 0
71 1 2 199 2 373 0
71 2 697 173 749 212 1
71 3 771 166 823 183 1
71 4 545 170 560 198 1
71 6 885 161 943 182 0
71 8 1079 154 1147 179 0
72 2 699 174 753 214 1
72 3 765 167 818 185 1
72 4 542 170 557 199 1
72 6 885 163 944 184 0
72 8 1085 155 1155 181 0
73 2 701 175 757 217 1
73 3 760 169 813 187 1
73 4 539 170 554 199 1
73 6 884 163 944 185 0
73 8 1091 155 1163 181 0
74 2 703 176 762 220 1
74 3 754 170 808 189 1
74 4 536 170 552 199 1
74 6 882 164 943 186 0
74 8 1097 154 1171 181 0
75 2 705 177 767 223 1
75 3 747 170 802 189 1
75 4 534 169 550 200 1
75 6 881 165 942 186 0
75 8 1104 154 1179 181 0
76 2 706 176 771 223 1
76 3 741 168 797 187 1
76 4 532 169 547 200 1
76 6 880 163 942 185 0
76 8 1111 153 1188 181 0
77 2 708 175 776 224 1
77 3 734 166 791 186 1
77 4 531 169 543 201 1
77 6 878 162 941 184 0
77 8 1118 153 1197 181 0
78 2 710 173 782 225 1
78 3 727 165 785 185 1
78 4 528 169 540 201 1
78 6 873 161 937 183 0
78 8 1124 153 1203 182 0
79 2 712 175 789 229 1
79 3 720 169 779 189 1
79 4 525 169 537 202 1
79 6 868 162 933 185 0
79 8 1129 153 1210 181 0
80 2 715 176 796 233 1
80 3 711 169 771 190 0
80 4 522 170 534 204 1
80 5 798 165 849 205 1
80 6 863 164 928 187 0
80 8 1135 155 1218 184 0
80 15 361 178 415 200 0
81 2 718 177 803 236 1
81 3 702 170 763 191 0
81 4 518 170 531 205 1
81 5 802 165 854 206 1
81 6 858 165 924 188 0
81 8 1140 156 1225 186 0
81 15 360 179 416 201 0
82 2 721 177 811 239 1
82 3 692 171 754 192 0
82 4 514 171 528 207 1
82 5 807 173 860 214 1
82 6 853 166 919 190 0
82 8 1146 157 1233 187 0
82 15 361 179 418 201 0
83 2 724 177 820 242 1
83 3 683 171 746 193 0
83 4 511 171 525 208 1
83 5 811 172 866 215 1
83 6 846 166 913 191 0
83 8 1150 157 1237 187 0
83 15 362 179 420 202 0
84 2 727 178 829 246 1
84 3 672 172 736 194 0
84 4 508 171 522 209 1
84 5 814 172 871 216 1
84 6 840 166 907 191 0
84 8 1153 157 1240 188 0
84 15 363 179 422 202 0
85 2 731 178 840 250 1
85 3 662 172 727 194 0
85 4 504 170 519 210 1
85 5 819 172 877 217 1
85 6 833 166 901 191 0
85 8 1157 157 1240 188 0
85 15 364 179 425 203 0
86 2 735 179 851 254 1
86 3 651 172 718 195 0
86 4 500 170 516 211 1
86 5 823 172 883 218 1
86 6 826 166 895 191 0
86 8 1160 156 1240 188 0
86 15 365 179 427 203 0
87 2 739 180 863 259 1
87 3 640 172 708 195 0
87 4 497 170 513 211 1
87 5 828 172 890 220 1
87 6 819 166 888 191 0
87 8 1164 156 1240 188 0
87 15 368 179 432 203 0
88 2 743 180 876 264 1
88 3 628 172 697 196 0
88 4 493 170 510 212 1
88 5 832 171 897 221 1
88 6 811 166 881 192 0
88 8 1165 156 1240 189 0
88 15 372 179 436 204 0
89 2 748 181 891 270 1
89 3 616 172 686 197 0
89 4 490 170 506 213 1
89 5 838 171 904 222 1
89 6 803 166 874 192 0
89 8 1166 156 1240 189 0
89 15 376 178 440 204 0
90 2 753 181 905 276 0
90 3 604 172 676 198 0
90 4 486 170 503 214 1
90 5 843 171 912 223 1
90 6 795 166 866 192 0
90 7 962 163 1054 189 0
90 8 1167 155 1240 189 0
90 15 381 178 445 204 0
90 16 247 181 303 205 0
90 17 589 175 611 190 0
90 18 553 175 579 190 0
91 2 758 182 921 282 0
91 3 592 173 665 199 0
91 4 482 170 500 215 1
91 5 849 171 921 225 1
91 6 787 166 859 193 0
91 7 956 162 1049 188 0
91 8 1167 155 1240 189 0
91 15 386 178 451 205 0
91 16 244 181 302 206 0
91 17 588 175 610 190 0
91 18 552 175 577 190 0
92 2 763 182 939 288 0
92 3 580 173 654 200 0
92 4 478 170 496 216 1
92 5 855 170 930 226 1
92 6 778 166 851 193 0
92 7 950 163 1043 188 0
92 8 1168 155 1240 189 0
92 15 391 178 457 205 0
92 16 242 181 301 206 0
92 17 586 175 609 190 0
92 18 550 175 576 190 0
93 2 769 182 960 296 0
93 3 566 174 642 201 0
93 4 474 170 493 217 1
93 5 856 170 933 228 1
93 6 770 166 843 193 0
93 7 944 163 1038 189 0
93 8 1166 155 1240 190 0
93 15 398 178 464 205 0
93 16 239 181 299 207 0
93 17 585 174 608 190 0
93 18 548 175 574 191 0
94 2 775 183 980 304 0
94 3 552 174 630 202 0
94 4 470 170 489 218 1
94 5 862 170 941 229 1
94 6 761 166 835 194 0
94 7 937 163 1032 190 0
94 8 1164 155 1240 190 0
94 15 404 178 470 205 0
94 16 236 181 298 208 0
94 17 584 174 607 190 0
94 18 546 175 573 191 0
95 2 781 183 1004 312 0
95 3 539 174 618 203 0
95 4 465 170 485 219 1
95 5 867 170 949 231 1
95 6 752 166 827 194 0
95 7 931 167 1026 193 0
95 8 1162 155 1240 190 0
95 15 411 177 477 205 0
95 16 234 182 296 209 0
95 17 583 174 606 189 0
95 18 545 175 572 191 0
96 2 788 184 1031 322 0
96 3 524 174 606 204 0
96 4 461 170 481 220 1
96 5 873 169 957 232 1
96 6 742 166 819 195 0
96 7 923 164 1019 191 0
96 8 1159 154 1240 190 0
96 15 420 177 486 205 0
96 16 231 182 296 209 0
96 17 582 173 605 189 0
96 18 543 175 570 191 0
97 2 796 184 1062 334 0
97 3 509 174 593 205 0
97 4 456 170 477 221 1
97 5 879 169 966 234 1
97 6 733 166 810 195 0
97 7 915 166 1012 193 0
97 8 1157 154 1240 190 0
97 15 427 177 494 205 0
97 16 228 182 296 210 0
97 17 580 173 603 189 0
97 18 541 175 569 191 0
98 2 803 185 1093 345 0
98 3 492 175 578 207 0
98 4 451 170 473 222 1
98 5 884 169 974 235 1
98 6 722 167 801 196 0
98 7 908 164 1004 191 0
98 8 1152 155 1240 191 0
98 15 437 177 504 205 0
98 16 225 182 296 210 0
98 17 579 173 602 189 0
98 18 539 175 567 192 0
99 2 811 185 1128 358 0
99 3 475 175 563 208 0
99 4 446 169 469 223 1
99 5 890 168 983 237 1
99 6 711 167 791 197 0
99 7 900 165 997 192 0
99 8 1148 155 1240 192 0
99 15 447 177 515 205 0
99 16 222 182 296 211 0
99 17 577 173 601 189 0
99 18 538 175 565 192 0
100 2 820 186 1169 373 0
100 3 457 175 549 210 0
100 4 442 169 465 224 1
100 5 897 168 993 238 1
100 6 699 168 780 198 0
100 7 892 167 989 195 0
100 8 1143 156 1240 193 0
100 15 456 177 526 205 0
100 16 219 182 296 211 0
100 17 575 173 599 190 0
100 18 536 176 564 192 0
101 2 829 187 1218 373 0
101 3 438 176 533 212 0
101 4 438 169 462 225 1
101 5 903 168 1002 240 1
101 6 688 168 770 199 0
101 7 884 167 981 195 0
101 8 1138 156 1240 194 0
101 15 465 177 536 206 0
101 16 220 182 298 212 0
101 17 573 174 598 190 0
101 18 534 176 562 192 0
102 2 840 188 1240 373 0
102 3 418 176 517 214 0
102 4 434 169 458 226 1
102 5 910 167 1012 241 1
102 6 676 169 759 200 0
102 7 875 167 974 195 0
102 8 1133 156 1240 195 0
102 15 474 177 545 206 0
102 16 221 182 300 212 0
102 17 572 174 597 190 0
102 18 533 176 562 193 0
103 2 850 189 1240 373 0
103 3 396 177 498 216 0
103 4 429 169 454 228 1
103 5 918 167 1023 243 1
103 6 663 169 747 201 0
103 7 867 167 966 196 0
103 8 1126 156 1236 195 0
103 15 483 177 555 206 0
103 16 222 182 302 213 0
103 17 571 174 596 190 0
103 18 532 176 561 193 0
104 2 862 190 1240 373 0
104 3 375 177 483 219 0
104 4 425 169 450 229 1
104 5 925 167 1033 245 1
104 6 652 169 737 201 0
104 7 859 167 958 196 0
104 8 1119 156 1229 195 0
104 15 492 177 564 206 0
104 16 223 182 304 213 0
104 17 570 174 595 191 0
104 18 531 176 560 193 0
105 2 875 191 1240 373 0
105 3 353 178 465 222 0
105 4 420 169 446 230 1
105 5 932 166 1045 247 1
105 6 639 169 726 202 0
105 7 850 167 949 196 0
105 8 1111 156 1221 195 0
105 15 501 177 572 206 0
105 16 224 182 307 214 0
105 17 569 174 594 191 0
105 18 531 176 560 193 0
106 2 889 192 1240 373 0
106 3 328 179 446 226 0
106 4 415 169 441 231 1
106 5 940 166 1056 248 1
106 6 627 168 715 202 0
106 7 842 167 942 197 0
106 8 1103 156 1214 195 0
106 15 511 176 583 206 0
106 16 227 181 312 213 0
106 17 568 174 593 191 0
106 18 530 176 559 193 0
107 2 901 193 1240 373 0
107 3 300 180 425 230 0
107 4 412 169 439 232 1
107 5 948 166 1067 250 1
107 6 615 169 704 203 0
107 7 833 168 934 197 0
107 8 1096 156 1206 196 0
107 15 522 176 593 205 0
107 16 230 180 318 213 0
107 17 568 174 593 191 0
107 18 529 176 558 193 0
108 2 914 195 1240 373 0
108 3 268 180 402 234 0
108 4 408 168 436 233 1
108 5 956 165 1080 252 1
108 6 602 170 693 205 0
108 7 825 168 926 197 0
108 8 1089 156 1200 196 0
108 15 532 175 603 204 0
108 16 233 179 323 212 0
108 17 568 175 593 192 0
108 18 528 176 558 194 0
109 2 929 196 1240 373 0
109 3 235 181 381 239 0
109 4 405 168 434 233 1
109 5 964 165 1091 254 1
109 6 590 170 682 206 0
109 7 816 168 917 198 0
109 8 1083 156 1193 196 0
109 15 543 175 613 204 0
109 16 237 179 329 212 0
109 17 568 175 593 192 0
109 18 527 176 557 194 0
110 2 945 198 1240 373 0
110 3 198 182 357 245 0
110 4 402 168 431 234 1
110 5 971 165 1103 256 1
110 6 577 170 671 207 0
110 7 807 168 909 198 0
110 8 1076 156 1187 196 0
110 15 553 174 623 203 0
110 16 241 179 335 213 0
110 17 568 175 593 193 0
110 18 526 176 556 194 0
111 2 963 200 1240 373 0
111 3 154 183 329 251 0
111 4 399 167 428 235 1
111 5 980 164 1115 258 1
111 6 564 171 659 208 0
111 7 798 168 900 199 0
111 8 1069 156 1180 197 0
111 15 563 174 632 203 0
111 16 245 179 341 213 0
111 17 568 176 593 193 0
111 18 526 176 556 194 0
112 2 980 202 1240 373 0
112 3 106 184 301 259 0
112 4 395 167 425 236 1
112 5 987 164 1127 259 1
112 6 550 171 647 210 0
112 7 788 168 891 199 0
112 8 1059 156 1169 197 0
112 15 573 174 640 203 0
112 16 250 179 347 214 0
112 17 567 176 593 193 0
112 18 525 176 555 194 0
113 2 998 204 1240 373 0
113 3 47 185 268 269 0
113 4 392 168 423 237 1
113 5 993 164 1136 262 1
113 6 535 171 634 211 0
113 7 778 169 882 200 0
113 8 1048 156 1159 197 0
113 15 583 174 648 202 0
113 16 258 179 355 214 0
113 17 567 176 593 194 0
113 18 524 176 555 194 0
114 2 1018 207 1240 373 0
114 3 2 187 229 281 0
114 4 388 168 420 239 1
114 5 1000 165 1146 264 1
114 6 519 171 621 212 0
114 7 768 169 873 200 0
114 8 1038 156 1148 197 0
114 15 593 174 656 202 0
114 16 266 179 362 214 0
114 17 567 177 593 194 0
114 18 524 176 555 194 0
115 2 1041 209 1240 373 0
115 3 2 188 187 297 0
115 4 385 169 417 241 1
115 5 1007 163 1157 264 1
115 6 504 171 608 213 0
115 7 758 169 863 201 0
115 8 1028 156 1137 197 0
115 15 603 174 664 202 0
115 16 274 179 370 214 0
115 17 567 177 593 195 0
115 18 524 176 554 195 0
116 2 1065 212 1240 373 0
116 3 2 191 135 318 0
116 4 382 169 415 241 1
116 5 1014 164 1168 267 1
116 6 488 171 594 215 0
116 7 748 169 853 201 0
116 8 1017 157 1126 197 0
116 15 612 173 671 201 0
116 16 283 178 378 214 0
116 17 567 177 593 195 0
116 18 523 176 554 195 0
117 2 1093 216 1240 373 0
117 3 2 194 71 348 0
117 4 380 169 413 242 1
117 5 1021 163 1179 268 1
117 6 470 171 579 216 0
117 7 737 169 843 202 0
117 8 1006 157 1114 198 0
117 15 620 173 678 201 0
117 16 293 178 387 214 0
117 17 567 178 593 196 0
117 18 523 176 554 195 0
118 3 2 197 2 373 0
118 4 377 169 411 243 1
118 5 1029 163 1191 270 1
118 6 453 171 566 218 0
118 7 725 169 832 202 0
118 8 995 157 1103 198 0
118 15 629 173 685 200 0
118 16 302 178 395 214 0
118 17 565 175 591 193 0
118 18 523 176 554 195 0
119 4 374 169 408 244 1
119 5 1037 163 1203 273 1
119 6 435 171 551 220 0
119 7 714 170 821 203 0
119 8 984 157 1091 198 0
119 15 637 172 692 199 0
119 16 312 177 403 213 0
119 17 565 175 591 193 0
119 18 523 176 554 195 0
120 4 372 168 406 245 0
120 5 1045 162 1216 274 0
120 6 415 171 535 222 0
120 7 701 170 809 204 0
120 8 973 157 1079 198 0
120 15 645 172 698 199 0
120 16 320 177 411 213 0
120 17 564 175 591 193 0
120 18 522 176 553 195 0
121 4 369 168 404 245 0
121 5 1054 162 1229 276 0
121 6 396 171 520 224 0
121 7 688 170 797 205 0
121 8 961 157 1067 198 0
121 15 651 172 701 198 0
121 16 327 177 420 213 0
121 17 564 175 591 193 0
121 18 522 176 553 195 0
122 4 366 168 401 246 0
122 5 1059 161 1237 277 0
122 6 376 171 504 227 0
122 7 675 171 784 205 0
122 8 948 157 1053 199 0
122 15 656 172 703 198 0
122 16 335 177 428 213 0
122 17 564 175 591 193 0
122 18 522 176 553 195 0
123 4 363 168 399 247 0
123 5 1064 160 1240 277 0
123 6 355 172 488 230 0
123 7 661 171 771 206 0
123 8 935 157 1039 199 0
123 15 661 172 707 197 0
123 16 343 177 436 213 0
123 17 564 175 591 194 0
123 18 521 176 553 195 0
124 4 360 168 396 248 0
124 5 1069 160 1240 279 0
124 6 331 172 470 233 0
124 7 647 171 759 207 0
124 8 922 158 1026 199 0
124 15 666 172 710 197 0
124 16 350 177 442 213 0
124 17 564 175 591 194 0
124 18 521 176 553 195 0
125 4 357 168 394 249 0
125 5 1075 161 1240 281 0
125 6 304 173 451 237 0
125 7 633 172 746 208 0
125 8 909 158 1012 199 0
125 15 671 172 713 197 0
125 16 357 177 448 212 0
125 17 564 176 591 194 0
125 18 521 176 553 195 0
126 4 355 168 393 249 0
126 5 1080 160 1240 282 0
126 6 277 173 432 241 0
126 7 619 172 732 209 0
126 8 895 158 998 200 0
126 15 676 172 716 196 0
126 16 365 177 453 212 0
126 17 564 176 591 194 0
126 18 521 176 552 195 0
127 4 354 168 391 250 0
127 5 1086 160 1240 284 0
127 6 246 174 412 246 0
127 7 603 172 719 210 0
127 8 882 158 984 200 0
127 15 681 172 719 196 0
127 16 371 177 457 212 0
127 17 564 176 591 194 0
127 18 521 176 552 195 0
128 4 352 168 390 251 0
128 5 1092 159 1240 284 0
128 6 214 175 391 251 0
128 7 588 173 704 211 0
128 8 869 158 970 200 0
128 15 685 172 722 196 0
128 16 378 177 461 212 0
128 17 564 176 591 194 0
128 18 520 176 552 195 0
129 4 350 168 388 251 0
129 5 1098 160 1240 287 0
129 6 178 177 368 258 0
129 7 574 173 692 212 0
129 8 855 159 956 201 0
129 15 689 172 724 196 0
129 16 385 177 464 211 0
129 17 564 176 591 195 0
129 18 520 176 552 195 0
130 4 348 168 387 252 0
130 5 1104 159 1240 289 0
130 6 138 177 345 265 0
130 7 559 174 679 214 0
130 8 842 159 943 201 0
130 15 693 172 726 195 0
130 16 392 177 467 211 0
130 17 563 176 591 195 0
130 18 520 176 552 195 0
131 4 347 168 386 252 0
131 5 1110 159 1240 291 0
131 6 90 178 319 273 0
131 7 543 174 665 215 0
131 8 828 159 929 201 0
131 15 695 173 727 195 0
131 16 397 177 466 211 0
131 17 563 176 591 195 0
131 18 520 176 552 195 0
132 4 345 168 384 253 0
132 5 1114 159 1240 292 0
132 6 35 179 292 284 0
132 7 527 175 651 217 0
132 8 815 160 915 202 0
132 15 697 173 727 195 0
132 16 402 178 466 210 0
132 17 563 176 590 195 0
132 18 519 176 552 195 0
133 4 343 167 383 253 0
133 5 1119 160 1240 294 0
133 6 2 180 260 297 0
133 7 510 175 637 218 0
133 8 802 160 902 202 0
133 15 699 173 728 195 0
133 16 407 178 464 210 0
133 17 563 176 590 195 0
133 18 519 176 551 195 0
134 4 341 167 381 253 0
134 5 1124 159 1240 295 0
134 6 2 181 222 314 0
134 7 493 176 623 220 0
134 8 788 160 888 203 0
134 15 701 173 729 194 0
134 16 409 178 462 210 0
134 17 563 177 590 195 0
134 18 519 177 551 196 0
135 4 339 168 380 255 0
135 5 1128 159 1240 297 0
135 6 2 183 178 334 0
135 7 476 176 609 221 0
135 8 774 161 874 204 0
135 15 703 173 730 194 0
135 16 412 178 459 210 0
135 17 563 177 590 195 0
135 18 519 177 551 196 0
136 4 337 168 378 255 0
136 5 1133 160 1240 299 0
136 6 2 184 124 362 0
136 7 458 176 594 223 0
136 8 759 162 860 205 0
136 15 704 174 730 194 0
136 16 415 178 458 210 0
136 17 563 177 590 196 0
136 18 518 177 551 196 0
137 4 335 169 376 257 0
137 5 1138 162 1240 303 0
137 6 2 186 59 373 0
137 7 439 177 578 225 0
137 8 745 162 845 206 0
137 15 706 174 730 194 0
137 16 416 179 453 210 0
137 17 563 177 590 196 0
137 18 518 177 551 196 0
138 4 333 171 375 259 0
138 5 1143 161 1240 303 0
138 6 2 189 2 373 0
138 7 418 177 562 227 0
138 8 730 162 831 206 0
138 15 708 174 730 194 0
138 16 417 179 452 210 0
138 17 563 177 590 196 0
138 18 518 177 550 196 0
139 4 331 169 373 258 0
139 5 1148 161 1240 304 0
139 7 397 177 544 229 0
139 8 715 162 817 207 0
139 15 709 175 730 194 0
139 16 414 179 452 210 0
139 17 562 177 590 196 0
139 18 518 177 550 196 0
140 4 330 170 372 259 0
140 5 1153 161 1240 306 0
140 7 377 178 529 231 0
140 8 699 163 802 208 0
140 9 1027 122 1240 202 0
140 15 710 175 731 194 0
140 16 410 179 453 209 0
140 17 562 177 590 196 0
140 18 517 177 550 197 0
141 4 328 171 370 261 0
141 5 1159 161 1240 308 0
141 7 355 178 513 234 0
141 8 683 164 786 209 0
141 9 1007 122 1240 202 0
141 15 711 175 732 194 0
141 16 406 179 453 209 0
141 17 562 177 590 196 0
141 18 517 178 550 197 0
142 4 326 169 369 260 0
142 5 1164 161 1240 309 0
142 7 332 179 496 237 0
142 8 667 164 770 210 0
142 9 986 123 1240 202 0
142 15 712 175 732 193 0
142 16 398 179 448 209 0
142 17 562 178 590 197 0
142 18 517 178 550 197 0
143 4 324 170 367 261 0
143 5 1170 161 1240 311 0
143 7 307 180 478 240 0
143 8 652 164 756 211 0
143 9 966 123 1240 202 0
143 15 712 174 733 193 0
143 16 391 179 443 208 0
143 17 562 178 590 197 0
143 18 517 178 549 197 0
144 4 322 169 365 261 0
144 5 1175 160 1240 312 0
144 7 280 180 459 243 0
144 8 636 164 741 212 0
144 9 945 124 1240 202 0
144 15 713 174 733 192 0
144 16 385 179 438 208 0
144 17 562 178 590 197 0
144 18 516 178 549 197 0
145 4 320 170 364 262 0
145 5 1181 160 1240 314 0
145 7 251 181 438 247 0
145 8 619 164 725 213 0
145 9 925 124 1240 202 0
145 15 714 174 733 192 0
145 16 378 179 433 208 0
145 17 562 178 590 197 0
145 18 516 178 549 197 0
146 4 318 170 362 263 0
146 5 1187 159 1240 314 0
146 7 219 182 417 251 0
146 8 602 164 709 213 0
146 9 905 125 1240 202 0
146 15 714 174 734 192 0
146 16 371 179 428 208 0
146 17 562 178 590 197 0
146 18 516 178 549 198 0
147 4 316 170 360 264 0
147 7 184 182 395 255 0
147 8 584 164 693 214 0
147 9 885 125 1220 203 0
147 15 715 174 734 191 0
147 16 360 179 421 208 0
147 17 561 178 589 197 0
147 18 516 178 549 198 0
148 4 315 168 359 263 0
148 7 148 184 372 261 0
148 8 567 165 677 216 0
148 9 865 125 1196 203 0
148 15 715 174 734 191 0
148 16 349 179 413 208 0
148 17 561 178 589 197 0
148 18 515 178 548 198 0
149 4 313 170 358 264 0
149 7 107 185 348 267 0
149 8 548 165 661 218 0
149 9 845 126 1172 203 0
149 15 715 174 734 190 0
149 16 338 179 405 208 0
149 17 561 178 589 197 0
149 18 515 178 548 198 0
150 4 312 169 357 264 0
150 7 61 186 322 275 0
150 8 529 165 644 219 0
150 9 828 126 1152 203 0
150 15 716 174 734 190 0
150 16 328 180 398 208 0
150 17 561 178 589 197 0
150 18 515 178 548 198 0
151 4 311 170 356 265 0
151 7 11 187 295 282 0
151 8 509 166 626 221 0
151 9 811 127 1131 203 0
151 15 716 174 734 190 0
151 16 318 180 390 207 0
151 17 561 178 589 197 0
151 18 515 178 548 198 0
152 4 310 170 355 265 0
152 7 2 188 265 290 0
152 8 488 166 608 223 0
152 9 794 127 1111 203 0
152 15 717 174 735 190 0
152 16 307 180 378 207 0
152 17 561 178 589 197 0
152 18 514 178 547 198 0
153 4 309 169 354 265 0
153 7 2 188 232 300 0
153 8 466 166 590 224 0
153 9 777 128 1091 204 0
153 15 718 174 736 190 0
153 16 296 180 367 207 0
153 17 561 178 589 197 0
153 18 514 178 547 198 0
154 4 308 168 353 264 0
154 7 2 189 195 312 0
154 8 443 165 571 225 0
154 9 761 128 1073 204 0
154 15 718 174 736 190 0
154 16 285 180 356 207 0
154 17 560 178 589 197 0
154 18 514 178 547 198 0
155 4 306 170 352 266 0
155 7 2 191 154 328 0
155 8 421 165 553 228 0
155 9 745 128 1055 204 0
155 15 719 174 737 189 0
155 16 275 180 345 207 0
155 17 560 178 588 197 0
155 18 513 178 547 198 0
156 4 305 169 351 266 0
156 7 2 193 106 348 0
156 8 397 165 533 231 0
156 9 730 129 1036 204 0
156 15 720 174 737 189 0
156 16 264 180 335 207 0
156 17 560 178 588 197 0
156 18 513 178 547 198 0
157 4 304 171 350 268 0
157 7 2 195 51 373 0
157 8 371 166 512 234 0
157 9 714 129 1019 205 0
157 16 254 181 324 207 0
157 17 560 178 588 197 0
157 18 513 178 546 198 0
158 4 303 171 348 269 0
158 8 342 166 490 237 0
158 9 699 130 1001 205 0
158 16 244 182 314 208 0
158 17 560 178 588 197 0
158 18 513 178 546 198 0
159 4 302 172 347 270 0
159 8 314 166 469 241 0
159 9 683 130 984 206 0
159 16 234 183 304 210 0
159 17 560 178 588 197 0
159 18 513 178 546 198 0
160 4 300 171 346 269 0
160 8 283 166 446 245 0
160 9 668 131 967 206 0
160 16 224 185 294 211 0
160 17 560 178 588 197 0
160 18 512 178 546 198 0
160 19 577 176 601 194 0
160 20 535 179 563 196 0
161 4 299 170 345 269 0
161 8 249 166 422 249 0
161 9 652 131 949 206 0
161 16 214 186 284 212 0
161 17 559 178 588 197 0
161 18 512 178 546 198 0
161 19 577 176 600 194 0
161 20 535 179 563 196 0
162 4 298 170 344 269 0
162 8 211 167 395 254 0
162 9 639 132 935 207 0
162 16 205 187 275 213 0
162 17 559 178 588 197 0
162 18 512 178 546 198 0
162 19 577 176 600 194 0
162 20 535 179 563 196 0
163 4 297 171 343 270 0
163 8 173 166 369 260 0
163 9 625 132 921 207 0
163 17 559 178 587 197 0
163 18 512 178 545 198 0
163 19 577 176 600 194 0
163 20 535 179 563 196 0
164 4 295 171 342 271 0
164 8 128 167 341 267 0
164 9 612 133 906 208 0
164 17 559 178 587 197 0
164 18 512 178 545 198 0
164 19 577 176 600 194 0
164 20 534 179 562 196 0
165 4 295 171 342 271 0
165 8 80 167 312 276 0
165 9 598 133 892 208 0
165 17 559 178 587 197 0
165 18 512 178 545 198 0
165 19 577 176 600 194 0
165 20 534 179 562 196 0
166 4 296 171 342 271 0
166 8 23 168 280 286 0
166 9 584 133 877 209 0
166 17 559 178 587 197 0
166 18 512 178 545 198 0
166 19 577 176 600 194 0
166 20 534 179 562 196 0
167 4 296 171 342 271 0
167 8 2 169 244 298 0
167 9 570 134 863 209 0
167 17 558 178 587 197 0
167 18 511 178 545 198 0
167 19 577 176 600 194 0
167 20 534 179 562 196 0
168 4 296 171 342 272 0
168 8 2 168 206 313 0
168 9 557 134 851 210 0
168 17 558 178 587 197 0
168 18 511 178 545 198 0
168 19 577 176 600 194 0
168 20 534 179 562 196 0
169 4 296 172 342 272 0
169 8 2 167 162 331 0
169 9 544 134 838 210 0
169 17 558 178 587 197 0
169 18 511 178 545 198 0
169 19 577 176 601 194 0
169 20 534 179 562 196 0
170 4 296 172 343 272 0
170 8 2 166 109 355 0
170 9 531 134 825 211 0
170 17 558 178 587 197 0
170 18 511 178 545 198 0
170 19 577 176 601 194 0
170 20 534 179 562 196 0
171 4 297 172 343 272 0
171 8 2 164 44 373 0
171 9 518 134 812 212 0
171 17 558 178 587 197 0
171 18 511 178 545 198 0
171 19 577 176 601 194 0
171 20 534 179 562 196 0
172 4 297 172 343 272 0
172 8 2 162 2 373 0
172 9 504 134 800 212 0
172 17 558 178 587 197 0
172 18 511 178 545 198 0
172 19 577 176 601 194 0
172 20 534 179 562 196 0
173 4 297 172 343 272 0
173 9 492 133 788 213 0
173 17 558 178 587 197 0
173 18 511 178 545 198 0
173 19 578 176 601 194 0
173 20 534 179 562 196 0
174 4 297 172 343 272 0
174 9 479 133 777 214 0
174 17 558 178 587 197 0
174 18 511 178 545 198 0
174 19 578 176 601 194 0
174 20 534 179 562 196 0
175 4 296 172 343 272 0
175 9 466 133 766 215 0
175 17 558 178 587 197 0
175 18 511 178 545 198 0
175 19 578 176 601 194 0
175 20 534 179 562 196 0
176 4 296 172 342 272 0
176 9 453 133 754 216 0
176 17 558 178 587 197 0
176 18 511 178 545 198 0
176 19 578 176 601 194 0
176 20 534 179 562 196 0
177 4 296 172 342 272 0
177 9 440 132 742 217 0
177 17 558 178 587 197 0
177 18 511 178 545 198 0
177 19 578 176 601 194 0
177 20 534 179 562 196 0
178 4 296 172 342 272 0
178 9 426 132 730 218 0
178 17 558 178 587 197 0
178 18 511 178 545 198 0
178 19 578 176 601 194 0
178 20 534 179 562 196 0
179 4 295 172 342 272 0
179 9 412 132 718 219 0
179 17 558 178 587 197 0
179 18 511 178 545 198 0
179 19 578 176 601 194 0
179 20 534 179 562 196 0
180 4 295 172 342 272 0
180 9 398 131 707 220 0
180 17 558 178 587 197 0
180 18 511 178 545 198 0
180 19 578 176 601 194 0
180 20 534 179 562 196 0
181 4 295 172 341 272 0
181 9 383 131 695 221 0
181 17 558 178 587 197 0
181 18 511 178 545 198 0
181 19 578 176 601 194 0
181 20 534 179 562 196 0
182 4 295 172 341 272 0
182 9 368 130 683 223 0
182 17 558 178 587 197 0
182 18 511 178 545 198 0
182 19 578 176 601 194 0
182 20 534 179 562 196 0
183 4 295 172 341 272 0
183 9 352 129 670 224 0
183 17 558 178 587 197 0
183 18 511 178 545 198 0
183 19 578 176 601 194 0
183 20 534 179 562 196 0
184 4 294 172 341 272 0
184 9 336 129 658 225 0
184 17 558 178 587 197 0
184 18 511 178 545 198 0
184 19 578 176 601 194 0
184 20 534 179 562 196 0
185 4 294 172 340 272 0
185 9 320 128 646 227 0
185 17 558 178 587 197 0
185 18 511 178 545 198 0
185 19 578 176 601 194 0
185 20 534 179 562 196 0
186 4 294 172 340 272 0
186 9 304 126 634 228 0
186 17 558 178 587 197 0
186 18 511 178 545 198 0
186 19 578 176 601 194 0
186 20 534 179 562 196 0
187 4 294 172 340 272 0
187 9 286 125 622 230 0
187 17 558 178 587 197 0
187 18 511 178 545 198 0
187 19 578 176 601 194 0
187 20 534 179 562 196 0
188 4 293 172 340 272 0
188 9 268 124 609 232 0
188 17 558 178 587 197 0
188 18 511 178 545 198 0
188 19 578 176 601 194 0
188 20 534 179 562 196 0
189 4 293 172 340 272 0
189 9 249 122 596 233 0
189 17 558 178 587 197 0
189 18 511 178 545 198 0
189 19 578 176 601 194 0
189 20 534 179 562 196 0
190 4 293 172 339 272 0
190 9 228 121 584 236 0
190 10 1129 163 1240 200 0
190 17 558 178 587 197 0
190 18 511 178 545 198 0
190 19 578 176 601 194 0
190 20 533 179 561 196 0
191 4 292 172 339 272 0
191 9 207 119 571 238 0
191 10 1114 164 1240 200 0
191 17 558 178 587 197 0
191 18 511 178 545 198 0
191 19 578 176 601 194 0
191 20 533 179 561 196 0
192 4 292 172 338 272 0
192 9 184 117 557 241 0
192 10 1103 164 1240 200 0
192 17 558 178 587 197 0
192 18 511 178 545 198 0
192 19 578 176 601 194 0
192 20 533 179 561 196 0
193 4 291 172 338 272 0
193 9 160 115 543 243 0
193 10 1092 164 1236 200 0
193 17 558 178 587 197 0
193 18 511 178 545 198 0
193 19 578 176 601 194 0
193 20 533 179 561 196 0
194 4 290 171 337 271 0
194 9 134 113 528 246 0
194 10 1081 164 1224 200 0
194 17 558 178 587 197 0
194 18 511 178 545 198 0
194 19 578 176 601 194 0
194 20 533 179 561 196 0
195 4 290 172 337 273 0
195 9 106 111 514 250 0
195 10 1071 164 1212 200 0
195 17 558 178 587 197 0
195 18 511 178 545 198 0
195 19 578 176 601 194 0
195 20 533 179 561 196 0
196 4 289 171 337 272 0
196 9 76 108 499 254 0
196 10 1060 165 1200 200 0
196 17 558 178 587 197 0
196 18 511 178 545 198 0
196 19 577 176 600 194 0
196 20 533 179 561 196 0
197 4 289 171 336 272 0
197 9 44 105 484 258 0
197 10 1050 165 1189 200 0
197 17 558 178 587 197 0
197 18 511 178 545 198 0
197 19 577 176 600 194 0
197 20 533 179 561 196 0
198 4 288 171 336 273 0
198 9 10 102 469 263 0
198 10 1043 165 1180 200 0
198 17 558 178 587 197 0
198 18 511 178 545 198 0
198 19 577 176 600 194 0
198 20 533 179 561 196 0
199 4 287 172 335 273 0
199 9 2 99 454 269 0
199 10 1035 165 1172 200 0
199 17 558 178 587 197 0
199 18 511 178 545 198 0
199 19 577 176 600 194 0
199 20 533 179 561 196 0
200 4 287 172 335 273 0
200 9 2 96 438 275 0
200 10 1028 165 1164 200 0
200 17 558 178 587 197 0
200 18 511 178 545 198 0
200 19 577 176 600 194 0
200 20 533 179 561 196 0
201 4 286 172 334 273 0
201 9 2 91 423 282 0
201 10 1021 165 1156 201 0
201 17 558 178 587 197 0
201 18 511 178 545 198 0
201 19 577 176 600 194 0
201 20 533 179 561 196 0
202 4 285 171 334 273 0
202 9 2 85 407 290 0
202 10 1014 166 1148 201 0
202 17 558 178 587 197 0
202 18 511 178 545 198 0
202 19 577 176 600 194 0
202 20 533 179 561 196 0
203 4 285 171 334 273 0
203 9 2 78 389 298 0
203 10 1010 166 1144 201 0
203 17 558 178 587 197 0
203 18 511 178 545 198 0
203 19 577 176 600 194 0
203 20 533 179 561 196 0
204 4 285 171 334 273 0
204 9 2 71 371 308 0
204 10 1006 166 1139 201 0
204 17 559 178 587 197 0
204 18 511 178 545 198 0
204 19 577 176 600 194 0
204 20 533 179 561 196 0
205 4 285 171 333 273 0
205 9 2 62 354 321 0
205 10 1003 166 1135 200 0
205 17 559 178 587 197 0
205 18 511 178 545 198 0
205 19 577 176 600 194 0
205 20 533 179 561 196 0
206 4 285 171 333 273 0
206 9 2 52 336 336 0
206 10 999 166 1131 200 0
206 17 559 178 587 197 0
206 18 511 178 545 198 0
206 19 577 176 600 194 0
206 20 533 179 561 196 0
207 4 285 171 333 273 0
207 9 2 39 317 355 0
207 10 995 165 1127 200 0
207 17 559 178 587 197 0
207 18 511 178 545 198 0
207 19 577 176 600 194 0
207 20 533 179 561 196 0
208 4 285 171 333 273 0
208 9 2 24 296 373 0
208 10 991 165 1123 200 0
208 17 559 178 587 197 0
208 18 512 178 545 198 0
208 19 577 176 600 194 0
208 20 533 179 561 196 0
209 4 285 171 333 273 0
209 9 2 2 276 373 0
209 10 990 166 1121 201 0
209 17 559 178 587 197 0
209 18 512 178 545 198 0
209 19 577 176 600 194 0
209 20 533 179 561 196 0
210 4 285 171 333 273 0
210 9 2 2 254 373 0
210 10 988 166 1119 201 0
210 17 559 178 587 197 0
210 18 512 178 545 198 0
210 19 577 176 600 194 0
210 20 533 179 561 196 0
211 4 284 171 333 273 0
211 9 2 2 230 373 0
211 10 986 166 1117 201 0
211 17 559 178 587 197 0
211 18 512 178 545 198 0
211 19 577 176 600 194 0
211 20 533 179 561 196 0
212 4 284 171 333 273 0
212 9 2 2 203 373 0
212 10 985 166 1115 201 0
212 17 559 178 587 197 0
212 18 512 178 545 198 0
212 19 577 176 600 194 0
212 20 533 179 561 196 0
213 4 284 172 333 273 0
213 9 2 2 176 373 0
213 10 983 166 1113 201 0
213 17 559 178 587 197 0
213 18 512 178 545 198 0
213 19 577 176 600 194 0
213 20 533 179 561 196 0
214 4 284 172 333 274 0
214 9 2 2 145 373 0
214 10 981 166 1111 201 0
214 17 559 178 587 197 0
214 18 512 178 545 198 0
214 19 577 176 600 194 0
214 20 533 179 561 196 0
215 4 284 172 333 274 0
215 9 2 2 110 373 0
215 10 979 167 1109 201 0
215 17 559 178 587 197 0
215 18 512 178 545 198 0
215 19 576 176 600 194 0
215 20 532 179 560 196 0
216 4 284 172 333 274 0
216 9 2 2 71 373 0
216 10 979 167 1109 201 0
216 17 559 178 587 197 0
216 18 512 178 545 198 0
216 19 576 176 599 194 0
216 20 532 179 560 196 0
217 4 284 172 333 274 0
217 9 2 2 26 373 0
217 10 979 167 1109 201 0
217 17 559 177 587 197 0
217 18 512 178 546 198 0
217 19 576 176 599 194 0
217 20 532 179 560 196 0
218 4 284 172 333 274 0
218 10 979 167 1109 201 0
218 17 559 177 587 197 0
218 18 512 178 545 198 0
218 19 576 176 599 194 0
218 20 532 179 560 196 0
219 4 284 172 333 274 0
219 10 979 167 1109 201 0
219 17 559 177 587 197 0
219 18 512 178 545 198 0
219 19 576 176 599 194 0
219 20 532 179 560 196 0
220 4 283 172 333 274 0
220 10 979 167 1109 201 0
220 17 559 178 587 197 0
220 18 512 178 545 198 0
220 19 576 176 599 194 0
220 20 532 179 560 196 0
221 4 283 172 333 274 0
221 10 979 166 1108 201 0
221 17 559 178 587 197 0
221 18 512 178 545 198 0
221 19 576 176 599 194 0
221 20 532 179 560 196 0
222 4 283 172 333 274 0
222 10 979 166 1108 201 0
222 17 559 178 587 197 0
222 18 512 178 545 198 0
222 19 576 176 599 194 0
222 20 532 179 560 196 0
223 4 283 172 333 274 0
223 10 979 166 1108 201 0
223 17 559 178 587 197 0
223 18 512 178 545 198 0
223 19 576 176 599 194 0
223 20 532 179 560 196 0
224 4 283 172 333 274 0
224 10 978 166 1108 201 0
224 17 558 178 588 197 0
224 18 512 178 545 198 0
224 19 576 176 599 194 0
224 20 532 179 560 196 0
225 4 283 172 333 274 0
225 10 978 166 1108 201 0
225 17 558 178 588 197 0
225 18 512 178 545 198 0
225 19 576 176 599 194 0
225 20 532 179 560 196 0
226 4 283 172 333 274 0
226 10 978 166 1108 201 0
226 17 558 178 588 197 0
226 18 512 178 545 198 0
226 19 576 176 599 194 0
226 20 532 179 560 196 0
227 4 283 172 332 274 0
227 10 978 166 1108 201 0
227 17 558 178 588 197 0
227 18 512 178 545 198 0
227 19 576 176 599 194 0
227 20 532 179 560 196 0
228 4 283 172 332 274 0
228 10 978 166 1107 201 0
228 17 558 178 588 197 0
228 18 512 178 545 198 0
228 19 576 176 599 194 0
228 20 532 179 560 196 0
229 4 283 172 332 274 0
229 10 978 166 1107 201 0
229 17 558 178 588 197 0
229 18 512 178 545 198 0
229 19 576 176 599 194 0
229 20 532 179 560 196 0
230 4 282 172 332 274 0
230 10 978 166 1107 201 0
230 17 558 178 588 197 0
230 18 512 178 545 198 0
230 19 576 176 599 194 0
230 20 532 179 560 196 0
231 4 282 172 332 274 0
231 10 978 166 1107 201 0
231 17 558 178 588 197 0
231 18 512 178 545 198 0
231 19 576 176 599 194 0
231 20 532 179 560 196 0
232 4 282 172 332 274 0
232 10 978 166 1107 201 0
232 17 558 178 588 197 0
232 18 511 178 545 198 0
232 19 576 176 599 194 0
232 20 532 179 560 196 0
