0 1 894 190 1240 373 1
0 3 292 176 331 197 0
1 1 880 190 1240 373 1
1 3 285 175 326 196 0
2 1 866 189 1240 373 1
2 3 278 176 321 198 0
3 1 854 189 1240 373 1
3 3 271 177 315 199 0
4 1 842 188 1240 373 1
4 3 264 178 309 200 0
5 1 831 188 1240 373 1
5 3 255 178 303 202 0
6 1 821 187 1240 373 1
6 3 246 179 295 203 0
7 1 811 186 1231 373 1
7 3 236 180 287 205 0
8 1 802 189 1190 373 1
8 3 225 179 279 204 0
9 1 794 185 1154 373 1
9 3 215 177 271 203 0
10 1 788 185 1131 369 1
10 3 203 176 262 203 0
10 4 240 177 291 199 0
11 1 782 183 1098 353 1
11 3 192 177 254 205 0
11 4 230 175 283 198 0
12 1 778 183 1076 345 1
12 3 181 178 246 207 0
12 4 222 177 277 201 0
13 1 774 182 1056 336 1
13 3 169 180 237 209 0
13 4 213 178 270 203 0
14 1 770 180 1038 327 1
14 3 156 181 227 212 0
14 4 203 180 263 205 0
15 1 766 184 1022 327 1
15 3 143 183 218 215 0
15 4 193 182 256 208 0
16 1 762 184 1004 320 1
16 3 127 183 207 216 0
16 4 182 183 248 211 0
17 1 757 183 987 313 1
17 3 111 183 195 217 0
17 4 174 183 242 211 0
18 1 753 182 971 307 1
18 3 93 183 182 219 0
18 4 160 183 232 212 0
19 1 749 182 957 301 1
19 3 74 183 169 220 0
19 4 145 184 221 214 0
20 1 745 181 944 296 1
20 3 54 183 155 222 0
20 4 129 184 209 215 0
21 1 740 181 930 292 1
21 3 31 183 139 224 0
21 4 111 184 196 216 0
22 1 735 182 917 289 1
22 3 3 184 119 226 0
22 4 92 186 182 220 0
23 1 731 182 904 285 1
23 3 2 184 100 228 0
23 4 71 185 167 221 0
24 1 727 183 893 282 1
24 3 2 184 75 230 0
24 4 49 184 151 221 0
25 1 723 183 883 280 1
25 3 2 184 51 233 0
25 4 25 183 133 221 0
26 1 719 184 872 277 1
26 4 2 182 115 222 0
27 1 714 184 860 275 1
27 4 2 184 93 226 0
28 1 709 185 849 272 1
28 4 2 186 68 230 0
29 1 705 185 840 270 1
29 4 2 188 41 235 0
30 1 701 186 830 268 1
30 2 957 149 1240 373 1
30 4 2 185 10 235 0
31 1 694 185 819 265 1
31 2 933 152 1240 373 1
31 4 2 183 2 235 0
32 1 687 184 807 262 1
32 2 911 151 1240 373 1
33 1 681 183 797 259 1
33 2 891 155 1240 373 1
34 1 674 183 787 256 1
34 2 872 151 1240 373 1
35 1 668 182 778 253 1
35 2 855 154 1240 373 1
36 1 661 182 765 251 1
36 2 834 155 1240 373 1
37 1 654 182 754 249 1
37 2 815 156 1240 373 1
38 1 648 182 742 247 1
38 2 797 158 1220 373 1
39 1 641 182 732 245 1
39 2 780 159 1169 373 1
40 1 635 182 722 243 0
40 2 764 159 1124 373 1
41 1 628 182 712 242 0
41 2 748 161 1078 365 1
42 1 621 182 702 241 0
42 2 733 162 1036 355 1
43 1 615 183 693 240 0
43 2 719 163 999 346 1
44 1 608 183 684 239 0
44 2 706 164 966 337 1
45 1 602 184 676 238 0
45 2 694 165 935 330 1
46 1 596 184 668 238 0
46 2 682 166 908 323 1
47 1 591 184 661 237 0
47 2 670 167 883 318 1
48 1 585 185 654 237 0
48 2 660 168 860 312 1
49 1 581 183 648 233 0
49 2 650 169 838 307 1
50 1 577 181 643 230 0
50 2 640 169 819 302 1
51 1 573 180 637 228 0
51 2 632 169 801 297 1
52 1 570 179 632 226 0
52 2 625 170 785 293 1
53 1 566 178 626 224 0
53 2 618 170 770 289 1
54 1 563 180 622 226 0
54 2 612 170 756 285 1
55 1 560 182 617 227 0
55 2 605 171 743 281 1
56 1 557 182 613 227 0
56 2 601 171 733 278 1
57 1 555 183 609 226 0
57 2 597 171 723 274 1
58 1 554 182 606 225 0
58 2 594 172 714 271 1
59 1 552 182 603 224 0
59 2 590 172 706 269 1
60 1 551 181 600 223 0
60 2 587 173 698 266 1
60 5 218 181 266 202 0
61 1 551 179 603 223 0
61 2 583 173 690 264 1
61 5 212 180 262 202 0
62 1 550 180 600 223 0
62 2 579 174 683 262 1
62 5 206 179 257 202 0
63 1 548 181 596 224 0
63 2 575 174 675 260 1
63 5 198 179 251 202 0
64 1 546 182 593 224 0
64 2 572 175 668 259 1
64 5 190 179 245 203 0
65 1 545 183 590 224 0
65 2 568 175 662 257 1
65 5 181 182 238 206 0
66 1 545 184 589 224 0
66 2 566 179 657 259 1
66 5 172 185 231 210 0
67 1 545 184 587 223 0
67 2 563 181 652 260 1
67 5 162 187 224 213 0
68 1 544 184 585 223 0
68 2 561 178 647 255 1
68 5 152 184 217 210 0
69 1 544 180 584 217 0
69 2 558 174 642 249 1
69 5 142 181 209 207 0
70 1 543 181 583 217 0
70 2 556 170 637 244 1
70 5 131 179 201 206 0
70 6 323 163 359 193 0
71 1 543 181 582 217 0
71 2 554 172 634 244 1
71 5 120 179 193 207 0
71 6 315 163 353 195 0
72 1 543 182 581 217 0
72 2 553 173 631 244 1
72 5 108 179 184 208 0
72 6 306 164 347 197 0
73 1 543 182 581 217 0
73 2 552 174 628 244 1
73 5 95 179 175 209 0
73 6 297 165 340 199 0
74 1 543 182 581 217 0
74 2 550 175 626 244 1
74 5 81 181 165 211 0
74 6 286 165 333 201 0
75 1 543 182 580 216 0
75 2 549 176 623 244 1
75 5 67 178 156 210 0
75 6 275 164 325 202 0
76 2 550 176 622 242 1
76 5 53 178 146 211 0
76 6 264 163 317 203 0
77 2 550 176 620 241 1
77 5 38 178 135 212 0
77 6 250 162 308 204 0
78 2 550 176 619 240 1
78 5 21 178 124 213 0
78 6 236 161 298 205 0
79 2 551 176 618 239 1
79 5 4 178 112 214 0
79 6 219 159 287 205 0
80 2 551 176 616 238 1
80 5 2 177 100 215 0
80 6 200 157 274 206 0
81 2 553 175 617 237 1
81 5 2 177 86 215 0
81 6 178 154 260 207 0
82 2 554 175 617 236 1
82 5 2 176 71 216 0
82 6 152 152 243 209 0
83 2 555 175 618 235 1
83 5 2 175 55 217 0
83 6 123 150 224 211 0
84 2 557 175 618 234 1
84 5 2 174 37 218 0
84 6 89 148 203 214 0
85 2 558 175 618 234 1
85 5 2 173 19 219 0
85 6 43 144 174 217 0
86 2 559 175 619 233 1
86 6 2 142 141 221 0
87 2 560 174 619 232 1
87 6 2 138 102 227 0
88 2 560 174 619 231 1
88 6 2 133 54 234 0
89 2 561 174 619 230 1
89 6 2 127 2 243 0
90 2 562 173 619 229 1
91 2 562 174 619 228 1
92 2 563 174 619 228 1
93 2 563 174 618 227 1
94 2 563 174 618 226 1
95 2 564 174 617 226 1
96 2 564 172 617 223 1
97 2 565 171 617 221 1
98 2 566 173 617 223 1
99 2 567 175 618 224 1
100 2 568 177 618 226 1
100 7 263 172 309 192 0
100 9 299 172 337 191 0
101 2 568 177 618 225 1
101 7 255 173 303 194 0
101 9 293 173 332 192 0
102 2 569 177 618 225 1
102 7 247 175 297 197 0
102 9 287 175 327 194 0
103 2 570 178 618 224 1
103 7 239 177 291 199 0
103 9 281 176 322 196 0
104 2 570 178 618 224 1
104 7 230 177 284 200 0
104 9 274 178 317 198 0
105 2 571 178 618 223 1
105 7 220 177 276 200 0
105 9 267 178 311 199 0
106 2 571 177 618 222 1
106 7 210 177 268 200 0
106 9 259 177 305 199 0
107 2 572 177 618 221 1
107 7 200 177 260 201 0
107 9 251 177 299 199 0
108 2 573 177 618 221 1
108 7 189 176 251 201 0
108 9 242 177 292 200 0
109 2 573 177 618 220 1
109 7 176 177 242 203 0
109 9 233 177 285 200 0
110 2 574 176 618 219 1
110 7 163 178 232 204 0
110 8 267 178 313 198 0
110 9 224 177 277 201 0
111 2 575 177 619 219 1
111 7 149 178 221 206 0
111 8 259 178 307 199 0
111 9 214 178 269 203 0
112 2 576 178 619 220 1
112 7 134 179 210 207 0
112 8 252 179 301 201 0
112 9 203 179 261 204 0
113 2 577 179 620 220 1
113 7 118 180 198 209 0
113 8 243 180 295 202 0
113 9 191 180 252 206 0
114 2 578 180 620 221 1
114 7 100 179 184 210 0
114 8 234 178 288 201 0
114 9 179 181 243 208 0
115 2 579 181 621 221 1
115 7 80 179 170 211 0
115 8 225 177 281 201 0
115 9 166 179 233 207 0
116 2 580 180 621 220 1
116 7 59 178 155 211 0
116 8 215 176 273 200 0
116 9 152 178 222 206 0
117 2 580 180 621 220 1
117 7 37 178 138 212 0
117 8 204 175 265 200 0
117 9 136 176 210 206 0
118 2 581 180 621 219 1
118 7 12 177 120 213 0
118 8 193 178 257 204 0
118 9 119 178 198 209 0
119 2 581 180 621 219 1
119 7 2 177 100 215 0
119 8 180 179 247 205 0
119 9 101 181 184 213 0
120 2 582 180 622 218 1
120 7 2 177 78 216 0
120 8 165 179 236 207 0
120 9 81 181 169 214 0
121 2 581 180 621 218 1
121 7 2 177 54 218 0
121 8 150 180 225 209 0
121 9 58 181 153 216 0
122 2 581 180 620 218 1
122 7 2 177 28 221 0
122 8 133 181 213 211 0
122 9 34 181 135 217 0
123 2 581 180 620 217 1
123 7 2 181 2 228 0
123 8 115 180 200 211 0
123 9 7 181 116 219 0
124 2 581 180 619 217 1
124 8 96 180 186 213 0
124 9 2 181 96 221 0
125 2 580 180 619 217 1
125 8 75 180 171 214 0
125 9 2 181 73 223 0
126 2 581 179 619 216 1
126 8 52 180 155 215 0
126 9 2 181 48 225 0
127 2 581 178 620 215 1
127 8 28 180 138 217 0
127 9 2 181 20 228 0
128 2 582 177 620 214 1
128 8 2 180 119 219 0
128 9 2 181 2 231 0
129 2 582 177 620 213 1
129 8 2 180 98 221 0
129 9 2 181 2 234 0
130 2 583 176 620 212 1
130 8 2 180 76 223 0
131 2 583 176 621 212 1
131 8 2 180 51 225 0
132 2 584 177 621 212 1
132 8 2 180 24 228 0
133 2 584 177 622 213 1
133 8 2 180 2 231 0
134 2 586 175 623 211 1
135 2 587 174 624 209 1
136 2 588 173 625 208 1
137 2 588 171 625 207 1
138 2 589 170 625 205 1
139 2 589 175 625 210 1
140 2 589 180 625 215 1
141 2 589 179 625 214 1
142 2 588 178 624 213 1
143 2 588 177 623 212 1
