0 1 254 175 306 203 0
0 2 323 175 357 195 0
0 32 573 173 609 209 1
1 1 241 174 295 203 0
1 2 315 175 351 195 0
1 32 573 173 610 209 1
2 1 226 172 283 203 0
2 2 306 174 344 196 0
2 32 573 172 610 209 1
3 1 210 171 271 203 0
3 2 296 176 336 198 0
3 32 573 172 610 209 1
4 1 192 170 257 203 0
4 2 285 172 328 195 0
4 32 573 172 610 209 1
5 1 173 168 242 203 0
5 2 273 171 319 194 0
5 32 573 171 611 209 1
6 1 151 168 225 204 0
6 2 261 172 310 196 0
6 32 573 172 611 209 1
7 1 127 168 206 206 0
7 2 248 173 299 198 0
7 32 573 172 611 209 1
8 1 100 168 186 208 0
8 2 234 173 288 200 0
8 32 573 173 612 211 1
9 1 70 168 164 211 0
9 2 218 175 276 203 0
9 32 574 174 612 212 1
10 1 36 168 139 214 0
10 2 201 175 263 204 0
10 3 372 177 401 192 0
10 32 574 175 613 214 1
11 1 2 168 112 218 0
11 2 182 176 248 206 0
11 3 366 177 396 193 0
11 32 574 175 613 214 1
12 1 2 169 81 222 0
12 2 162 176 232 208 0
12 3 361 177 392 193 0
12 32 575 175 614 214 1
13 1 2 169 45 227 0
13 2 139 177 214 210 0
13 3 355 176 387 193 0
13 32 575 175 614 214 1
14 1 2 170 8 232 0
14 2 112 176 194 212 0
14 3 348 176 381 193 0
14 32 575 174 614 214 1
15 2 81 175 172 213 0
15 3 341 175 375 192 0
15 32 575 173 614 213 1
16 2 47 174 147 214 0
16 3 333 175 369 193 0
16 32 574 173 614 213 1
17 2 9 173 120 216 0
17 3 324 174 362 192 0
17 32 574 173 614 213 1
18 2 2 171 91 217 0
18 3 315 174 354 193 0
18 32 574 173 614 213 1
19 2 2 169 58 219 0
19 3 306 174 347 194 0
19 32 574 173 615 214 1
20 3 296 177 339 198 0
20 32 574 173 615 214 1
21 3 285 177 330 199 0
21 32 573 173 615 214 1
22 3 274 174 320 197 0
22 32 573 172 615 214 1
23 3 261 174 310 198 0
23 32 573 172 615 213 1
24 3 248 173 300 197 0
24 32 572 171 615 213 1
25 3 235 174 289 199 0
25 32 572 171 615 213 1
26 3 220 174 277 200 0
26 32 572 170 615 213 1
27 3 205 175 265 202 0
27 32 572 170 615 213 1
28 3 188 176 252 204 0
28 32 572 170 615 213 1
29 3 169 176 237 205 0
29 32 571 170 615 213 1
30 3 149 176 221 206 0
30 4 349 171 382 187 0
30 5 287 159 327 186 0
30 32 571 169 615 213 1
31 3 128 175 205 208 0
31 4 343 170 377 186 0
31 5 279 157 321 185 0
31 32 571 169 615 213 1
32 3 105 175 188 209 0
32 4 337 171 372 187 0
32 5 272 157 315 186 0
32 32 571 169 615 214 1
33 3 79 175 168 211 0
33 4 331 172 367 189 0
33 5 265 158 309 187 0
33 32 570 170 615 214 1
34 3 53 177 148 214 0
34 4 324 173 362 190 0
34 5 257 158 303 188 0
34 32 570 170 615 215 1
35 3 23 178 126 218 0
35 4 318 173 356 191 0
35 5 248 159 296 189 0
35 32 570 170 615 215 1
36 3 2 177 102 219 0
36 4 311 173 351 191 0
36 5 239 159 289 191 0
36 32 570 170 616 215 1
37 3 2 176 75 220 0
37 4 304 173 345 191 0
37 5 231 158 282 190 0
37 32 570 169 616 215 1
38 3 2 174 44 222 0
38 4 296 172 339 192 0
38 5 222 157 275 189 0
38 32 570 169 616 215 1
39 4 288 173 333 193 0
39 5 212 157 268 191 0
39 32 570 169 617 216 1
40 4 280 174 326 194 0
40 5 202 157 260 192 0
40 32 570 169 617 216 1
41 4 272 174 320 195 0
41 5 192 158 252 193 0
41 32 571 169 618 216 1
42 4 262 175 313 197 0
42 5 180 158 243 195 0
42 32 571 170 619 217 1
43 4 253 176 305 198 0
43 5 169 158 234 196 0
43 32 571 170 619 218 1
44 4 243 177 298 199 0
44 5 157 159 225 197 0
44 32 572 171 620 218 1
45 4 233 177 290 201 0
45 5 144 159 215 199 0
45 32 572 171 620 219 1
46 4 221 178 281 203 0
46 5 130 159 205 200 0
46 32 572 172 621 220 1
47 4 209 179 272 205 0
47 5 116 159 194 202 0
47 32 572 172 621 221 1
48 4 196 179 262 205 0
48 5 100 158 182 203 0
48 32 573 173 622 222 1
49 4 182 179 251 206 0
49 5 84 157 170 203 0
49 32 573 172 623 221 1
50 4 167 179 240 207 0
50 5 66 156 157 204 0
50 6 215 173 275 201 0
50 32 574 171 624 221 1
51 4 152 178 229 207 0
51 5 47 155 143 204 0
51 6 202 173 266 202 0
51 32 574 171 624 221 1
52 4 136 178 217 208 0
52 5 26 154 128 205 0
52 6 190 173 256 203 0
52 32 574 171 625 222 1
53 4 117 178 203 209 0
53 5 6 154 113 207 0
53 6 176 173 246 204 0
53 32 575 171 625 222 1
54 4 97 178 188 211 0
54 5 2 154 97 209 0
54 6 162 173 235 205 0
54 32 575 171 626 222 1
55 4 75 179 172 213 0
55 5 2 154 81 211 0
55 6 146 173 223 207 0
55 32 575 171 627 223 1
56 4 52 179 155 215 0
56 5 2 152 63 212 0
56 6 129 173 211 208 0
56 32 576 171 628 222 1
57 4 26 180 136 217 0
57 5 2 150 43 212 0
57 6 112 173 198 209 0
57 32 576 170 628 222 1
58 4 2 180 119 219 0
58 6 94 173 184 211 0
58 32 576 170 629 222 1
59 4 2 180 99 221 0
59 6 74 173 169 212 0
59 32 577 169 630 222 1
60 4 2 180 78 223 0
60 6 52 173 154 213 0
60 7 340 170 372 189 0
60 8 364 168 395 186 0
60 9 113 165 183 198 0
60 32 577 169 631 222 1
61 4 2 180 56 225 0
61 6 29 173 137 215 0
61 7 335 170 369 189 0
61 8 361 168 392 186 0
61 9 98 165 171 199 0
61 32 578 169 632 223 1
62 4 2 180 31 227 0
62 6 5 172 120 216 0
62 7 331 170 365 190 0
62 8 357 168 389 186 0
62 9 84 165 160 200 0
62 32 578 169 632 223 1
63 6 2 171 101 217 0
63 7 326 171 361 190 0
63 8 353 168 386 187 0
63 9 69 165 149 201 0
63 32 579 170 633 224 1
64 6 2 171 82 219 0
64 7 321 171 357 191 0
64 8 349 169 383 188 0
64 9 53 165 137 203 0
64 32 579 170 634 224 1
65 6 2 170 60 220 0
65 7 316 172 353 192 0
65 8 345 170 379 190 0
65 9 36 165 124 204 0
65 32 580 170 635 225 1
66 6 2 169 37 222 0
66 7 310 172 349 193 0
66 8 341 170 376 190 0
66 9 17 165 110 206 0
66 32 580 170 635 225 1
67 7 305 172 344 193 0
67 8 337 170 373 190 0
67 9 2 165 95 206 0
67 32 581 170 636 225 1
68 7 299 172 340 194 0
68 8 333 170 369 191 0
68 9 2 164 80 207 0
68 32 581 170 636 225 1
69 7 293 172 335 194 0
69 8 329 170 366 191 0
69 9 2 163 63 207 0
69 32 582 170 637 225 1
70 7 287 172 331 195 0
70 8 324 170 362 192 0
70 9 2 163 46 209 0
70 10 355 172 383 190 0
70 32 582 170 637 225 1
70 35 721 176 730 196 0
71 7 281 172 326 195 0
71 8 320 170 358 192 0
71 9 2 162 28 210 0
71 10 352 172 380 190 0
71 32 582 170 638 225 1
71 35 723 176 732 197 0
72 7 274 172 321 195 0
72 8 315 170 355 192 0
72 10 348 172 377 190 0
72 32 583 170 638 225 1
72 35 722 178 731 199 0
73 7 267 172 315 196 0
73 8 310 170 351 193 0
73 10 345 172 375 190 0
73 32 583 170 638 225 1
73 35 726 172 735 194 0
74 7 261 172 310 196 0
74 8 305 170 347 193 0
74 10 341 172 372 191 0
74 32 583 170 639 225 1
74 35 727 173 737 195 0
75 7 254 172 305 197 0
75 8 300 170 343 194 0
75 10 337 172 369 191 0
75 32 584 170 639 225 1
75 35 728 174 738 196 0
76 7 247 172 300 198 0
76 8 294 170 339 194 0
76 10 334 172 365 191 0
76 32 584 170 639 225 1
76 35 730 175 740 197 0
77 7 239 172 294 199 0
77 8 289 170 334 195 0
77 10 330 172 362 191 0
77 32 584 170 639 225 1
77 35 732 175 742 197 0
78 7 231 172 288 199 0
78 8 283 170 330 195 0
78 10 325 172 359 192 0
78 32 584 171 640 225 1
78 35 733 175 743 198 0
79 7 223 172 281 200 0
79 8 277 170 325 196 0
79 10 321 172 355 192 0
79 32 585 171 640 226 1
79 35 734 175 745 198 0
80 7 214 173 274 201 0
80 8 271 171 320 197 0
80 10 316 172 351 193 0
80 32 585 171 640 226 1
80 35 735 175 746 198 0
81 7 205 173 267 202 0
81 8 264 171 315 197 0
81 10 311 172 347 193 0
81 32 585 171 640 226 1
81 35 737 175 747 198 0
82 7 195 173 260 203 0
82 8 257 171 310 198 0
82 10 306 172 343 194 0
82 32 585 171 640 226 1
82 35 738 175 748 198 0
83 7 185 173 252 204 0
83 8 250 171 304 198 0
83 10 300 172 338 194 0
83 32 585 171 640 226 1
83 35 738 176 749 199 0
84 7 174 173 243 205 0
84 8 242 170 298 199 0
84 10 295 172 334 194 0
84 32 585 171 640 226 1
84 35 739 174 749 198 0
85 7 162 173 235 205 0
85 8 234 170 292 199 0
85 10 289 172 329 194 0
85 32 584 171 640 226 1
85 35 739 173 750 197 0
86 7 149 173 226 206 0
86 8 226 169 286 199 0
86 10 283 171 325 194 0
86 32 584 170 640 225 1
86 35 740 172 750 196 0
87 7 136 173 216 207 0
87 8 217 169 279 199 0
87 10 277 171 320 194 0
87 32 584 170 640 225 1
87 35 741 172 751 196 0
88 7 122 173 206 208 0
88 8 208 169 272 200 0
88 10 271 170 315 194 0
88 32 584 170 640 226 1
88 35 742 171 752 196 0
89 7 108 173 195 209 0
89 8 199 169 265 201 0
89 10 264 170 309 195 0
89 32 584 170 640 226 1
89 35 743 171 753 196 0
90 7 92 173 184 210 0
90 8 189 169 258 202 0
90 10 257 170 303 195 0
90 32 584 170 640 226 1
90 35 744 171 754 196 0
91 7 76 173 172 211 0
91 8 179 169 250 203 0
91 10 250 170 297 196 0
91 32 584 170 640 226 1
91 35 745 171 755 196 0
92 7 58 173 160 213 0
92 8 168 169 242 203 0
92 10 242 170 291 196 0
92 32 583 170 639 226 1
92 35 746 171 756 196 0
93 7 39 173 147 214 0
93 8 156 169 232 205 0
93 10 234 170 285 197 0
93 32 582 170 639 226 1
93 35 747 171 757 196 0
94 7 20 173 133 215 0
94 8 143 169 223 206 0
94 10 226 171 278 198 0
94 32 581 170 638 227 1
94 35 748 171 759 196 0
95 7 2 173 118 217 0
95 8 129 170 213 207 0
95 10 217 171 271 199 0
95 32 580 169 637 227 1
95 35 749 170 760 196 0
96 7 2 173 102 219 0
96 8 116 170 203 208 0
96 10 208 172 264 200 0
96 32 579 169 637 227 1
96 35 751 170 761 196 0
97 7 2 173 86 221 0
97 8 102 170 192 209 0
97 10 199 172 257 201 0
97 32 578 169 636 227 1
97 35 752 170 763 196 0
98 7 2 173 68 222 0
98 8 86 170 181 211 0
98 10 189 173 249 203 0
98 32 578 169 636 227 1
98 35 753 170 764 196 0
99 7 2 173 49 225 0
99 8 72 171 170 212 0
99 10 179 173 241 204 0
99 32 577 169 635 227 1
99 35 754 170 765 197 0
100 8 56 171 159 214 0
100 10 169 174 233 205 0
100 32 576 169 634 227 1
100 35 756 171 767 198 0
101 8 39 172 147 216 0
101 10 158 174 225 206 0
101 32 575 169 634 227 1
101 35 757 172 768 198 0
102 8 22 172 134 218 0
102 10 147 175 216 208 0
102 32 574 170 633 229 1
102 35 758 172 770 199 0
103 8 3 173 121 220 0
103 10 135 175 207 209 0
103 32 573 171 633 230 1
103 35 760 173 771 200 0
104 8 2 173 107 222 0
104 10 122 176 198 211 0
104 32 573 171 632 230 1
104 35 761 173 773 200 0
105 8 2 173 93 223 0
105 10 109 177 188 212 0
105 32 572 171 631 231 1
105 35 762 174 773 201 0
106 8 2 173 77 225 0
106 10 96 177 177 213 0
106 32 571 171 632 231 1
106 35 762 174 774 201 0
107 8 2 173 61 227 0
107 10 82 177 167 214 0
107 32 570 171 630 231 1
107 35 763 174 775 202 0
108 8 2 173 43 229 0
108 10 68 176 156 214 0
108 32 568 171 629 231 1
108 35 764 175 775 202 0
109 10 53 176 145 215 0
109 32 567 171 627 232 1
109 35 764 175 776 203 0
110 10 34 177 131 217 0
110 11 85 165 163 198 0
110 32 565 171 626 232 1
110 34 200 167 245 192 0
110 35 764 175 776 203 0
111 10 18 176 118 218 0
111 11 72 165 152 199 0
111 32 563 171 625 232 1
111 34 192 167 238 192 0
111 35 765 176 777 203 0
112 10 2 176 105 218 0
112 11 60 165 143 199 0
112 32 561 171 623 232 1
112 34 185 167 232 193 0
112 35 765 176 777 204 0
113 10 2 175 91 219 0
113 11 48 165 133 200 0
113 32 560 171 621 233 1
113 34 177 167 225 193 0
113 35 765 176 777 204 0
114 10 2 174 77 219 0
114 11 35 164 122 200 0
114 32 558 171 619 233 1
114 34 170 167 219 194 0
114 35 765 176 778 204 0
115 10 2 174 62 220 0
115 11 21 164 112 200 0
115 32 556 172 618 233 1
115 34 162 167 212 194 0
115 35 765 177 777 205 0
116 11 10 164 103 201 0
116 32 554 172 616 233 1
116 34 153 167 206 195 0
116 35 764 178 776 206 0
117 11 2 165 92 203 0
117 32 553 171 615 233 1
117 34 145 166 199 195 0
117 35 763 178 775 207 0
118 11 2 165 82 204 0
118 32 552 171 614 233 1
118 34 136 166 191 195 0
118 35 762 176 774 205 0
119 11 2 166 71 206 0
119 32 551 171 613 233 1
119 34 130 166 186 195 0
119 35 763 176 776 205 0
120 11 2 167 59 208 0
120 32 551 171 613 233 1
120 34 123 166 180 196 0
120 35 765 176 777 205 0
121 32 551 171 613 233 1
121 34 116 166 174 196 0
121 35 766 176 779 205 0
122 32 552 172 614 234 1
122 34 109 166 169 197 0
122 35 767 176 780 205 0
123 32 553 172 615 234 1
123 34 103 167 164 198 0
123 35 770 175 783 205 0
124 32 554 172 616 234 1
124 34 97 167 159 198 0
124 35 773 175 786 205 0
125 32 555 172 617 234 1
125 34 90 167 154 199 0
125 35 774 175 787 205 0
126 32 556 172 618 234 1
126 34 83 167 149 200 0
126 35 775 176 788 206 0
127 32 556 172 618 234 1
127 34 74 167 141 201 0
127 35 776 176 790 206 0
128 32 556 172 619 235 1
128 34 65 168 134 201 0
128 35 777 177 791 207 0
129 32 556 172 619 235 1
129 34 55 168 126 202 0
129 35 779 177 792 208 0
130 32 557 172 619 235 1
130 34 45 168 118 203 0
130 35 779 177 793 208 0
131 32 557 173 620 235 1
131 34 35 168 110 204 0
131 35 780 177 793 208 0
132 32 557 173 620 235 1
132 34 24 169 102 205 0
132 35 780 178 794 208 0
133 32 556 173 619 236 1
133 34 13 169 93 206 0
133 35 781 178 795 209 0
134 32 556 173 619 236 1
134 34 2 169 84 207 0
134 35 781 178 795 209 0
135 32 556 173 619 236 1
135 34 2 169 74 208 0
135 35 782 178 796 209 0
136 32 556 173 619 236 1
136 34 2 169 63 209 0
136 35 782 178 797 209 0
137 32 555 173 618 236 1
137 34 2 169 52 209 0
137 35 783 178 798 209 0
138 32 554 173 618 236 1
138 34 2 168 40 209 0
138 35 784 178 798 210 0
139 32 554 173 617 236 1
139 34 2 167 29 209 0
139 35 784 178 799 210 0
140 12 525 163 548 191 0
140 32 553 173 616 237 1
140 35 785 178 800 210 0
141 12 524 162 547 192 0
141 32 552 173 616 237 1
141 35 786 178 801 210 0
142 12 522 162 547 193 0
142 32 552 173 615 236 1
142 35 787 178 802 211 0
143 12 521 162 546 193 0
143 32 551 173 614 236 1
143 35 788 178 803 211 0
144 12 519 162 545 194 0
144 32 550 173 614 236 1
144 35 789 178 805 211 0
145 12 517 161 544 195 0
145 32 550 173 613 236 1
145 35 791 178 806 211 0
146 12 515 160 544 196 0
146 32 549 173 612 236 1
146 35 792 178 808 211 0
147 12 512 160 543 197 0
147 32 549 173 612 236 1
147 35 794 178 809 212 0
148 12 510 159 543 197 0
148 32 549 173 611 235 1
148 35 795 178 811 212 0
149 12 507 158 542 198 0
149 32 548 173 611 235 1
149 35 797 178 813 212 0
150 12 504 157 541 200 0
150 16 836 182 894 204 0
150 32 548 174 610 235 1
150 33 283 177 324 197 0
150 35 799 179 816 212 0
151 12 501 157 541 201 0
151 16 840 182 900 204 0
151 32 548 174 610 235 1
151 33 279 177 321 197 0
151 35 802 179 819 213 0
152 12 498 156 540 203 0
152 16 845 183 906 205 0
152 32 549 174 610 235 1
152 33 276 177 319 198 0
152 35 805 179 822 214 0
153 12 494 155 540 205 0
153 16 850 183 912 206 0
153 32 550 174 610 235 1
153 33 273 178 317 198 0
153 35 808 179 826 214 0
154 12 491 154 539 207 0
154 16 855 183 918 206 0
154 32 550 175 611 235 1
154 33 270 178 315 199 0
154 35 811 179 829 215 0
155 12 486 153 538 209 0
155 16 860 183 924 207 0
155 32 551 175 611 234 1
155 33 267 178 313 200 0
155 35 814 179 832 215 0
156 12 481 151 538 211 0
156 16 865 184 930 207 0
156 32 552 175 611 234 1
156 33 264 178 311 200 0
156 35 817 179 835 215 0
157 12 476 149 537 214 0
157 16 871 184 937 208 0
157 32 553 175 612 234 1
157 33 260 178 308 201 0
157 35 820 179 839 215 0
158 12 469 146 536 216 0
158 16 876 184 944 209 0
158 32 554 175 612 233 1
158 33 256 179 305 201 0
158 35 823 179 842 215 0
159 12 459 143 533 220 0
159 16 883 185 951 210 0
159 32 555 175 613 233 1
159 33 252 179 302 202 0
159 35 826 179 845 216 0
160 12 447 140 529 225 0
160 16 889 186 959 212 0
160 32 556 175 613 233 1
160 33 248 179 299 202 0
160 35 828 180 848 216 0
161 12 432 136 525 231 0
161 16 896 187 967 213 0
161 32 557 175 614 232 1
161 33 244 179 296 203 0
161 35 831 180 852 217 0
162 12 410 131 521 238 0
162 16 903 188 976 214 0
162 32 557 176 614 232 1
162 33 238 180 292 204 0
162 35 834 180 855 218 0
163 12 382 123 515 248 0
163 16 911 189 985 216 0
163 32 558 177 614 233 1
163 33 232 180 287 205 0
163 35 837 181 859 218 0
164 12 342 114 506 262 0
164 16 918 190 993 218 0
164 32 559 177 614 233 1
164 33 226 180 282 205 0
164 35 840 181 862 219 0
165 12 284 100 493 283 0
165 16 926 191 1003 219 0
165 32 559 178 615 233 1
165 33 220 181 278 206 0
165 35 844 181 866 220 0
166 12 191 78 476 316 0
166 16 933 191 1012 220 0
166 32 560 178 615 233 1
166 33 213 181 272 207 0
166 35 847 182 871 221 0
167 12 17 37 454 373 0
167 16 941 192 1022 221 0
167 32 561 179 615 233 1
167 33 206 182 267 208 0
167 35 851 182 875 222 0
168 12 2 2 421 373 0
168 16 949 192 1032 222 0
168 32 561 179 615 233 1
168 33 199 182 262 209 0
168 35 855 183 879 223 0
169 12 2 2 366 373 0
169 16 958 193 1043 223 0
169 32 561 179 615 233 1
169 33 191 183 256 211 0
169 35 859 183 884 224 0
170 12 2 2 280 373 0
170 13 534 182 555 201 0
170 14 244 178 297 206 0
170 15 285 182 331 204 0
170 16 967 193 1055 224 0
170 17 326 181 363 202 0
170 18 549 180 569 196 0
170 32 562 179 615 232 1
170 33 183 183 250 212 0
170 35 863 183 887 224 1
170 36 1053 194 1126 224 0
171 13 533 182 555 201 0
171 14 238 180 292 209 0
171 15 281 182 328 204 0
171 16 977 193 1068 226 0
171 17 322 181 360 202 0
171 18 548 181 569 197 0
171 32 563 179 616 231 1
171 33 173 183 243 212 0
171 35 866 183 891 225 1
171 36 1065 195 1140 225 0
172 13 531 181 554 202 0
172 14 231 178 287 207 0
172 15 276 181 325 204 0
172 16 988 194 1081 227 0
172 17 317 181 357 202 0
172 18 548 179 569 196 0
172 32 564 178 617 230 1
172 33 163 182 236 212 0
172 35 869 185 895 227 1
172 36 1077 196 1154 226 0
173 13 529 180 554 202 0
173 14 224 177 281 207 0
173 15 272 181 321 204 0
173 16 998 194 1094 228 0
173 17 313 181 354 203 0
173 18 547 179 569 196 0
173 32 566 178 618 230 1
173 33 152 181 229 212 0
173 35 872 187 898 230 1
173 36 1091 196 1170 227 0
174 13 527 181 552 203 0
174 14 216 177 275 208 0
174 15 266 181 317 205 0
174 16 1009 195 1108 230 0
174 17 309 182 350 203 0
174 18 547 179 569 197 0
174 32 567 179 618 230 1
174 33 141 181 221 212 0
174 35 878 187 905 231 1
174 36 1105 196 1187 229 0
175 13 524 181 551 205 0
175 14 207 178 269 209 0
175 15 260 181 312 205 0
175 16 1021 195 1123 231 0
175 17 304 182 347 204 0
175 18 546 178 569 196 0
175 32 568 179 619 230 1
175 33 127 181 212 213 0
175 35 884 187 912 231 1
175 36 1119 197 1205 230 0
176 13 521 182 549 207 0
176 14 198 177 262 210 0
176 15 253 181 307 206 0
176 16 1034 196 1139 233 0
176 17 299 182 344 204 0
176 18 546 179 568 197 0
176 32 569 179 620 230 1
176 33 113 181 201 214 0
176 35 889 187 917 233 1
176 36 1135 197 1224 231 0
177 13 517 181 547 208 0
177 14 188 176 255 210 0
177 15 247 181 302 206 0
177 16 1047 196 1156 235 0
177 17 294 182 340 205 0
177 18 545 180 568 199 0
177 32 570 179 621 230 1
177 33 99 181 191 215 0
177 35 894 188 923 234 1
177 36 1152 197 1240 232 0
178 13 512 181 544 209 0
178 14 177 176 247 210 0
178 15 240 181 296 207 0
178 16 1061 196 1175 236 0
178 17 288 182 336 205 0
178 18 544 181 568 200 0
178 32 570 178 621 229 1
178 33 83 181 179 216 0
178 35 899 188 929 235 1
178 36 1169 197 1240 234 0
179 13 506 181 542 211 0
179 14 165 176 237 211 0
179 15 231 179 290 205 0
179 16 1077 196 1194 237 0
179 17 282 180 331 204 0
179 18 542 180 567 199 0
179 32 571 177 622 228 1
179 33 66 181 167 218 0
179 35 905 188 936 236 1
179 36 1188 198 1240 235 0
180 13 500 181 538 212 0
180 14 152 175 228 212 0
180 15 222 176 283 203 0
180 16 1093 197 1216 239 0
180 17 276 179 326 203 0
180 18 541 179 566 198 0
180 32 572 177 622 227 1
180 33 46 181 153 219 0
180 35 912 188 944 237 0
180 36 1207 198 1240 237 0
181 13 493 180 535 214 0
181 14 138 175 218 213 0
181 15 212 178 275 206 0
181 16 1111 197 1238 240 0
181 17 269 179 320 204 0
181 18 539 178 565 198 0
181 32 573 176 623 226 1
181 33 25 181 138 221 0
181 35 918 188 952 238 0
182 13 485 181 530 218 0
182 14 122 176 208 214 0
182 15 202 177 268 206 0
182 16 1130 197 1240 242 0
182 17 262 180 314 205 0
182 18 538 178 564 198 0
182 32 573 175 623 225 1
182 33 3 178 122 219 0
182 35 926 188 960 239 0
183 13 474 181 524 222 0
183 14 106 176 196 216 0
183 15 191 180 259 209 0
183 16 1150 197 1240 244 0
183 17 254 180 308 206 0
183 18 535 178 563 200 0
183 32 574 175 624 225 1
183 33 2 179 105 222 0
183 35 933 188 968 240 0
184 13 462 181 518 226 0
184 14 89 176 184 218 0
184 15 180 180 250 211 0
184 17 246 181 302 207 0
184 18 531 178 561 201 0
184 32 575 175 625 225 1
184 33 2 182 87 227 0
184 35 941 187 978 241 0
185 13 447 182 510 232 0
185 14 71 176 171 220 0
185 15 167 180 241 212 0
185 17 237 181 295 208 0
185 18 528 178 559 202 0
185 32 576 176 626 225 1
185 33 2 181 67 229 0
185 35 949 187 987 242 0
186 13 427 182 500 239 0
186 14 51 177 156 222 0
186 15 154 181 231 213 0
186 17 228 181 288 210 0
186 18 524 178 557 204 0
186 32 577 176 626 225 1
186 33 2 181 45 231 0
186 35 957 187 998 243 0
187 13 401 183 487 248 0
187 14 29 177 141 224 0
187 15 139 181 221 215 0
187 17 218 182 280 211 0
187 18 519 179 555 205 0
187 32 578 176 627 224 1
187 33 2 181 22 233 0
187 35 966 186 1008 244 0
188 13 366 184 471 261 0
188 14 6 178 125 227 0
188 15 124 181 209 216 0
188 17 208 182 273 212 0
188 18 514 181 553 210 0
188 32 579 176 628 225 1
188 35 976 186 1020 245 0
189 13 316 185 449 279 0
189 14 2 179 108 229 0
189 15 108 182 198 218 0
189 17 196 183 264 214 0
189 18 508 181 550 212 0
189 32 581 177 629 225 1
189 35 986 186 1032 247 0
190 13 233 187 417 309 0
190 14 2 179 89 232 0
190 15 90 182 185 220 0
190 17 184 183 255 215 0
190 18 501 182 547 216 0
190 19 553 179 572 196 0
190 32 582 177 630 225 1
190 35 997 187 1046 250 0
191 13 83 192 367 365 0
191 14 2 180 68 236 0
191 15 71 183 171 222 0
191 17 171 184 245 217 0
191 18 493 184 543 221 0
191 19 551 180 572 198 0
191 32 583 178 631 226 1
191 35 1009 187 1060 252 0
192 13 2 198 292 373 0
192 14 2 181 46 239 0
192 15 51 183 156 224 0
192 17 157 185 234 219 0
192 18 483 184 539 224 0
192 19 549 180 572 198 0
192 32 584 178 631 225 1
192 35 1022 188 1075 255 0
193 13 2 210 142 373 0
193 15 28 184 141 226 0
193 17 142 186 223 221 0
193 18 470 184 533 229 0
193 19 548 179 571 199 0
193 32 585 178 632 225 1
193 35 1035 189 1092 258 0
194 15 4 185 124 229 0
194 17 125 185 211 222 0
194 18 454 185 526 235 0
194 19 545 179 570 199 0
194 32 585 178 632 225 1
194 35 1050 190 1110 262 0
195 15 2 185 105 232 0
195 17 106 185 198 223 0
195 18 433 185 517 242 0
195 19 543 179 569 200 0
195 32 586 179 633 226 1
195 35 1066 191 1130 266 0
196 15 2 186 85 235 0
196 17 87 185 184 225 0
196 18 406 186 507 252 0
196 19 541 178 568 201 0
196 32 587 177 633 224 1
196 35 1084 192 1152 270 0
197 15 2 184 62 234 0
197 17 63 185 168 226 0
197 18 366 187 492 266 0
197 19 538 178 567 202 0
197 32 587 177 634 223 1
197 35 1102 193 1175 275 0
198 15 2 181 36 234 0
198 17 38 184 151 228 0
198 18 306 189 472 289 0
198 19 534 178 564 203 0
198 32 588 178 634 224 1
198 35 1122 194 1201 279 0
199 17 10 184 132 229 0
199 18 207 191 444 325 0
199 19 530 178 562 204 0
199 32 588 178 634 223 1
199 35 1144 196 1228 285 0
200 17 2 184 111 231 0
200 18 9 195 402 373 0
200 19 525 178 560 206 0
200 20 557 180 577 198 0
200 32 588 179 634 224 1
200 35 1167 197 1240 291 0
201 17 2 182 90 233 0
201 18 2 200 341 373 0
201 19 519 177 557 208 0
201 20 555 180 575 198 0
201 32 588 177 634 222 1
201 35 1193 199 1240 297 0
202 17 2 181 66 234 0
202 18 2 211 225 373 0
202 19 512 177 553 210 0
202 20 552 179 574 199 0
202 32 589 176 634 221 1
203 17 2 179 41 235 0
203 19 505 177 550 212 0
203 20 549 179 572 200 0
203 32 589 176 633 220 1
204 19 497 176 546 215 0
204 20 546 179 570 201 0
204 32 589 175 633 220 1
205 19 486 176 541 218 0
205 20 543 179 569 202 0
205 32 589 175 633 219 1
206 19 474 175 536 222 0
206 20 539 178 567 202 0
206 32 589 173 633 217 1
207 19 457 176 528 229 0
207 20 536 176 565 202 0
207 32 589 172 633 216 1
208 19 436 177 519 237 0
208 20 531 178 562 206 0
208 32 589 174 633 217 1
209 19 407 178 507 248 0
209 20 525 180 559 210 0
209 32 589 176 633 219 1
210 19 368 179 491 263 0
210 20 519 180 556 212 0
210 21 554 181 576 199 0
210 23 401 177 426 196 0
210 32 590 178 633 221 1
211 19 307 181 470 286 0
211 20 512 180 552 214 0
211 21 552 180 575 199 0
211 23 398 178 423 197 0
211 32 590 179 633 222 1
212 19 207 182 439 324 0
212 20 503 179 548 217 0
212 21 550 179 574 199 0
212 23 394 176 421 196 0
212 32 590 177 633 220 1
213 19 4 185 390 373 0
213 20 493 179 543 221 0
213 21 547 178 573 199 0
213 23 391 175 418 195 0
213 32 590 175 632 218 1
214 19 2 190 302 373 0
214 20 480 179 537 225 0
214 21 544 178 571 200 0
214 23 387 175 415 195 0
214 32 590 175 632 217 1
215 20 463 179 529 231 0
215 21 541 178 570 202 0
215 23 383 175 411 195 0
215 32 589 176 632 218 1
216 20 441 179 519 239 0
216 21 538 179 568 204 0
216 23 379 175 408 196 0
216 32 589 176 632 218 1
217 20 412 178 507 250 0
217 21 534 180 567 206 0
217 23 374 176 405 197 0
217 32 589 177 631 219 1
218 20 369 180 489 266 0
218 21 530 181 565 209 0
218 23 370 177 401 198 0
218 32 590 178 632 220 1
219 20 303 181 465 292 0
219 21 525 182 563 212 0
219 23 365 178 397 200 0
219 32 590 179 632 221 1
220 20 189 184 429 336 0
220 21 519 183 560 216 0
220 22 563 182 582 199 0
220 23 360 179 393 201 0
220 32 590 179 632 221 1
221 20 2 188 373 373 0
221 21 512 183 557 219 0
221 22 562 182 582 200 0
221 23 355 180 389 203 0
221 32 591 180 632 221 1
222 20 2 196 264 373 0
222 21 504 183 553 222 0
222 22 560 180 581 199 0
222 23 349 179 384 203 0
222 32 591 180 632 221 1
223 21 493 183 549 226 0
223 22 558 180 580 200 0
223 23 343 179 379 203 0
223 32 591 179 633 220 1
224 21 481 182 543 230 0
224 22 555 180 579 201 0
224 23 337 178 374 203 0
224 32 591 178 633 220 1
225 21 465 182 537 236 0
225 22 553 179 577 201 0
225 23 330 177 369 203 0
225 32 592 178 633 219 1
226 21 443 183 527 245 0
226 22 550 179 576 202 0
226 23 323 177 363 203 0
226 32 592 177 633 218 1
227 21 413 184 514 258 0
227 22 546 178 574 203 0
227 23 316 176 358 203 0
227 32 592 176 633 217 1
228 21 370 186 497 276 0
228 22 542 178 572 204 0
228 23 309 175 352 203 0
228 32 592 177 632 218 1
229 21 303 188 474 304 0
229 22 537 178 569 205 0
229 23 299 175 344 204 0
229 32 591 178 631 218 1
230 21 186 192 438 353 0
230 22 531 178 566 208 0
230 23 289 176 335 205 0
230 24 562 161 588 194 0
230 32 590 178 630 218 1
231 21 2 198 380 373 0
231 22 525 178 562 210 0
231 23 278 176 327 206 0
231 24 559 161 586 196 0
231 32 589 178 629 218 1
232 21 2 205 260 373 0
232 22 517 179 558 213 0
232 23 266 176 318 207 0
232 24 556 161 584 197 0
232 32 588 178 628 218 1
233 22 508 180 553 217 0
233 23 254 176 308 209 0
233 24 553 161 582 198 0
233 32 588 178 627 217 1
234 22 498 178 548 218 0
234 23 240 175 297 208 0
234 24 550 160 581 199 0
234 32 587 177 626 217 1
235 22 485 178 541 223 0
235 23 226 174 286 208 0
235 24 547 158 580 199 0
235 32 586 177 626 216 1
236 22 469 179 533 229 0
236 23 211 174 274 210 0
236 24 543 157 578 200 0
236 32 585 177 625 216 1
237 22 449 180 524 238 0
237 23 195 174 262 211 0
237 24 540 155 576 200 0
237 32 585 176 624 215 1
238 22 423 181 513 248 0
238 23 177 174 249 213 0
238 24 535 154 574 201 0
238 32 584 176 624 215 1
239 22 388 180 499 260 0
239 23 158 174 235 215 0
239 24 531 152 573 203 0
239 32 584 176 623 215 1
240 22 335 182 479 281 0
240 23 138 175 220 217 0
240 24 527 151 571 204 0
240 26 402 179 427 195 0
240 32 584 176 623 215 1
241 22 249 183 450 315 0
241 23 116 175 204 220 0
241 24 522 149 569 206 0
241 26 398 180 424 195 0
241 32 584 176 623 214 1
242 22 82 186 404 373 0
242 23 92 176 186 222 0
242 24 516 147 567 208 0
242 26 394 180 420 196 0
242 32 584 176 623 214 1
243 22 2 193 328 373 0
243 23 65 175 167 225 0
243 24 510 145 565 210 0
243 26 390 180 416 197 0
243 32 584 176 622 214 1
244 22 2 191 159 373 0
244 23 35 175 145 227 0
244 24 502 143 562 213 0
244 26 385 180 413 197 0
244 32 584 176 622 214 1
245 23 2 175 121 230 0
245 24 493 139 560 216 0
245 26 380 180 408 198 0
245 32 584 176 622 214 1
246 23 2 175 95 233 0
246 24 482 135 556 220 0
246 26 375 180 404 198 0
246 32 584 176 622 214 1
247 23 2 174 66 237 0
247 24 469 131 553 224 0
247 26 369 180 399 198 0
247 32 584 176 621 214 1
248 24 453 125 548 229 0
248 26 363 182 394 200 0
248 32 584 178 621 215 1
249 24 432 116 543 236 0
249 26 357 183 389 202 0
249 32 584 179 621 217 1
250 24 405 105 537 244 0
250 25 542 180 568 203 0
250 26 351 183 383 202 0
250 32 584 179 621 216 1
251 24 367 90 528 255 0
251 25 539 179 567 204 0
251 26 344 183 378 202 0
251 32 584 178 621 215 1
252 24 310 68 518 272 0
252 25 535 179 565 205 0
252 26 337 183 372 203 0
252 32 584 177 621 215 1
253 24 219 32 505 300 0
253 25 531 178 563 205 0
253 26 329 183 366 204 0
253 32 584 178 621 215 1
254 24 37 2 481 360 0
254 25 527 178 561 207 0
254 26 321 184 360 205 0
254 32 584 178 621 215 1
255 24 2 2 455 373 0
255 25 521 179 558 210 0
255 26 313 184 353 206 0
255 32 584 178 622 215 1
256 24 2 2 414 373 0
256 25 516 179 555 213 0
256 26 304 184 346 207 0
256 32 585 178 622 215 1
257 24 2 2 338 373 0
257 25 509 180 552 216 0
257 26 295 185 338 209 0
257 32 585 178 622 215 1
258 25 501 171 548 210 0
258 26 284 182 330 207 0
258 32 585 175 622 212 1
259 25 491 173 544 216 0
259 26 274 180 321 205 0
259 32 585 172 622 209 1
260 25 479 174 539 222 0
260 26 262 181 312 208 0
260 27 531 179 561 202 0
260 28 363 180 394 198 0
260 29 385 178 414 195 0
260 31 553 175 573 194 0
260 32 586 175 623 212 1
261 25 464 176 532 230 0
261 26 249 183 302 210 0
261 27 526 181 559 206 0
261 28 357 180 389 199 0
261 29 379 180 409 197 0
261 31 550 177 572 198 0
261 32 586 176 623 213 1
262 25 445 175 524 236 0
262 26 236 181 291 209 0
262 27 520 179 555 206 0
262 28 350 179 383 198 0
262 29 373 178 405 196 0
262 31 548 176 571 197 0
262 32 586 176 623 213 1
263 25 419 173 514 244 0
263 26 221 179 279 209 0
263 27 514 178 552 206 0
263 28 343 177 378 197 0
263 29 367 176 400 194 0
263 31 545 174 569 196 0
263 32 586 174 623 211 1
264 25 383 173 500 257 0
264 26 205 178 267 208 0
264 27 507 176 548 207 0
264 28 335 175 371 196 0
264 29 360 173 395 193 0
264 31 541 174 567 197 0
264 32 586 172 623 209 1
265 25 330 172 482 277 0
265 26 186 179 252 210 0
265 27 498 176 544 210 0
265 28 327 175 365 196 0
265 29 353 175 390 195 0
265 31 537 173 565 198 0
265 32 585 173 622 210 1
266 25 243 171 456 309 0
266 26 166 179 236 213 0
266 27 487 177 538 214 0
266 28 318 175 358 197 0
266 29 341 170 380 190 0
266 31 534 173 563 199 0
266 32 584 173 622 211 1
267 25 76 169 416 370 0
267 26 145 180 220 215 0
267 27 474 177 532 218 0
267 28 309 176 350 198 0
267 29 337 175 377 196 0
267 31 529 173 560 201 0
267 32 584 174 622 211 1
268 25 2 175 355 373 0
268 26 122 180 203 217 0
268 27 459 178 525 224 0
268 28 300 176 342 199 0
268 29 331 175 373 197 0
268 31 525 172 558 203 0
268 32 584 174 622 211 1
269 25 2 183 234 373 0
269 26 97 181 184 219 0
269 27 440 178 516 230 0
269 28 289 176 333 200 0
269 29 323 175 367 197 0
269 31 519 172 555 204 0
269 32 585 174 622 211 1
270 26 69 181 163 222 0
270 27 415 179 505 238 0
270 28 280 176 326 201 0
270 29 315 175 361 198 0
270 30 549 176 572 194 0
270 31 513 172 552 207 0
270 32 585 174 623 211 1
271 26 38 181 140 224 0
271 27 382 181 491 251 0
271 28 269 176 317 202 0
271 29 307 175 355 199 0
271 30 547 176 571 194 0
271 31 506 172 549 209 0
271 32 586 174 623 211 1
272 26 3 181 115 227 0
272 27 335 182 473 268 0
272 28 258 177 309 203 0
272 29 298 175 348 200 0
272 30 544 176 569 195 0
272 31 498 172 546 213 0
272 32 586 173 624 211 1
273 26 2 180 86 229 0
273 27 261 185 448 296 0
273 28 246 177 299 204 0
273 29 289 175 341 201 0
273 30 541 176 568 197 0
273 31 489 172 541 217 0
273 32 586 174 624 211 1
274 26 2 180 54 232 0
274 27 129 189 411 346 0
274 28 233 177 289 206 0
274 29 278 176 333 202 0
274 30 538 177 567 198 0
274 31 477 172 536 221 0
274 32 587 174 625 211 1
275 27 2 194 355 373 0
275 28 218 178 277 207 0
275 29 266 176 324 203 0
275 30 535 178 565 200 0
275 31 462 171 529 227 0
275 32 587 174 625 211 1
276 27 2 204 250 373 0
276 28 202 178 264 209 0
276 29 254 177 315 204 0
276 30 531 178 563 203 0
276 31 443 170 521 233 0
276 32 588 174 626 212 1
277 28 183 178 251 211 0
277 29 241 177 305 206 0
277 30 526 179 560 204 0
277 31 418 169 510 242 0
277 32 588 174 626 212 1
278 28 164 179 236 213 0
278 29 225 177 294 207 0
278 30 520 179 557 206 0
278 31 384 168 496 253 0
278 32 588 174 626 212 1
279 28 142 180 219 215 0
279 29 208 178 282 209 0
279 30 513 179 554 209 0
279 31 335 166 478 269 0
279 32 588 174 627 212 1
280 28 118 180 201 218 0
280 29 190 178 269 210 0
280 30 505 180 550 212 0
280 31 255 166 453 300 0
280 32 589 174 627 212 1
281 28 91 181 181 220 0
281 29 170 178 254 212 0
281 30 497 180 546 215 0
281 31 108 163 415 355 0
281 32 589 174 627 213 1
282 28 62 180 159 222 0
282 29 148 179 239 214 0
282 30 485 181 540 219 0
282 31 2 157 355 373 0
282 32 589 174 627 213 1
283 28 28 180 134 225 0
283 29 123 179 222 217 0
283 30 471 182 534 224 0
283 31 2 147 239 373 0
283 32 589 174 628 213 1
284 28 2 180 107 227 0
284 29 96 180 204 220 0
284 30 454 182 526 231 0
284 32 589 174 628 213 1
285 28 2 179 76 230 0
285 29 65 180 184 223 0
285 30 431 183 516 239 0
285 32 590 174 629 213 1
286 28 2 179 41 233 0
286 29 35 180 164 224 0
286 30 400 184 503 250 0
286 32 590 174 629 213 1
287 29 2 179 142 226 0
287 30 357 185 486 265 0
287 32 590 174 629 213 1
288 29 2 178 117 228 0
288 30 290 187 464 288 0
288 32 590 174 629 213 1
289 29 2 177 90 231 0
289 30 177 189 430 327 0
289 32 591 173 630 212 1
290 30 2 193 379 373 0
290 32 591 173 630 212 1
291 30 2 200 288 373 0
291 32 591 172 630 212 1
292 32 591 172 631 211 1
293 32 591 173 631 212 1
294 32 591 174 631 214 1
295 32 592 174 632 214 1
296 32 592 174 632 214 1
