0 1 286 187 527 292 1
1 1 219 185 482 299 1
2 1 138 187 430 312 1
3 1 46 186 377 324 1
4 1 2 189 314 344 1
5 1 2 195 244 373 1
6 1 2 192 162 373 1
7 1 2 198 63 373 1
10 2 1017 176 1144 216 0
11 2 989 176 1111 216 0
12 2 962 177 1081 215 0
13 2 939 176 1053 213 0
14 2 916 175 1026 212 0
15 2 895 175 1001 210 0
16 2 875 175 977 209 0
17 2 856 175 953 208 0
18 2 838 174 931 207 0
19 2 823 174 912 206 0
20 2 809 174 894 205 0
21 2 795 174 877 204 0
22 2 782 174 860 203 0
23 2 769 174 844 202 0
24 2 757 174 829 202 0
25 2 747 173 816 201 0
26 2 737 173 803 200 0
27 2 728 173 791 200 0
28 2 720 173 780 199 0
29 2 713 173 769 198 0
30 2 706 173 759 198 0
31 2 700 173 750 197 0
32 2 695 173 742 197 0
33 2 690 173 735 196 0
34 2 685 173 728 195 0
35 2 681 173 721 195 0
36 2 678 173 715 194 0
37 2 675 173 710 194 0
38 2 672 173 705 193 0
39 2 669 173 701 193 0
40 2 666 173 697 192 0
40 3 917 194 1240 373 1
41 2 663 173 693 192 0
41 3 884 192 1240 373 1
42 2 661 173 690 192 0
42 3 857 190 1184 373 1
43 2 660 173 687 191 0
43 3 835 189 1110 350 1
44 2 658 173 684 191 0
44 3 816 188 1051 330 1
45 2 656 173 681 190 0
45 3 799 187 1004 314 1
46 2 655 173 678 190 0
46 3 785 186 965 301 1
47 3 773 185 934 290 1
48 3 762 185 908 282 1
49 3 751 184 882 272 1
50 3 741 183 861 265 0
50 8 930 181 1104 267 0
51 3 733 182 842 258 0
51 8 912 181 1068 260 0
52 3 726 183 826 254 0
52 8 895 181 1037 254 0
53 3 718 182 810 248 0
53 8 880 180 1010 249 0
54 3 710 181 796 243 0
54 8 866 180 986 245 0
55 3 704 180 783 238 0
55 8 853 179 965 241 0
56 3 699 180 772 234 0
56 8 839 179 944 237 0
57 3 693 179 762 231 0
57 8 829 179 927 234 0
58 3 689 179 753 228 0
58 8 819 178 910 231 0
59 3 684 179 745 225 0
59 8 809 178 894 228 0
60 3 680 178 737 222 0
60 4 888 203 1240 373 1
60 8 800 178 880 225 0
60 9 965 181 1230 287 0
61 3 677 178 730 220 0
61 4 858 200 1240 373 1
61 8 791 178 866 223 0
61 9 940 181 1178 279 0
62 3 672 178 723 217 0
62 4 833 197 1236 373 1
62 8 783 177 854 221 0
62 9 918 181 1134 271 0
63 3 669 178 716 216 0
63 4 811 195 1145 373 1
63 8 775 177 843 219 0
63 9 896 181 1092 265 0
64 3 665 178 710 214 0
64 4 793 193 1076 361 1
64 8 768 177 832 217 0
64 9 880 181 1057 258 0
65 3 662 177 705 212 0
65 4 777 191 1020 339 1
65 8 762 177 822 215 0
65 9 866 180 1027 252 0
66 3 659 177 700 210 0
66 4 762 190 975 321 1
66 8 754 177 811 213 0
66 9 851 179 997 246 0
67 3 656 177 695 208 0
67 4 750 189 936 306 1
67 8 748 177 802 211 0
67 9 837 179 970 242 0
68 3 653 177 691 207 0
68 4 739 187 904 294 1
68 8 741 176 793 210 0
68 9 825 179 946 237 0
69 3 650 177 686 206 0
69 4 730 186 877 284 1
69 8 735 176 785 208 0
69 9 813 178 925 233 0
70 3 648 177 682 204 0
70 4 721 185 854 275 0
70 5 1058 198 1240 373 1
70 8 730 176 778 207 0
70 9 803 178 906 230 0
70 10 1102 2 1240 373 0
71 3 645 176 679 203 0
71 4 714 185 834 267 0
71 5 1000 195 1240 373 1
71 8 724 175 770 205 0
71 9 793 177 889 227 0
71 10 1061 2 1240 373 0
72 3 643 176 675 202 0
72 4 707 184 817 260 0
72 5 951 192 1240 373 1
72 8 719 175 763 204 0
72 9 784 177 873 224 0
72 10 1027 2 1240 373 0
73 3 641 176 672 201 0
73 4 700 183 801 254 0
73 5 913 190 1240 373 1
73 8 714 175 756 203 0
73 9 775 177 858 221 0
73 10 997 2 1240 373 0
74 3 639 176 669 200 0
74 4 694 183 787 249 0
74 5 879 188 1240 373 1
74 8 709 175 749 202 0
74 9 767 176 844 218 0
74 10 968 2 1240 373 0
75 3 638 176 666 199 0
75 4 689 183 775 244 0
75 5 852 187 1240 373 1
75 8 705 175 743 201 0
75 9 759 176 831 216 0
75 10 944 2 1240 373 0
76 3 636 175 663 198 0
76 4 684 182 764 240 0
76 5 829 185 1238 373 1
76 8 701 175 737 200 0
76 9 751 176 819 214 0
76 10 922 2 1240 365 0
77 3 635 175 660 197 0
77 4 679 182 754 236 0
77 5 809 184 1151 372 1
77 8 697 174 731 199 0
77 9 745 176 809 212 0
77 10 902 2 1240 341 0
78 3 633 175 658 196 0
78 4 675 181 745 232 0
78 5 791 183 1079 346 1
78 9 739 176 800 210 0
78 10 885 2 1240 322 0
79 3 632 175 656 195 0
79 4 671 180 737 229 0
79 5 776 182 1023 326 1
79 9 734 176 791 209 0
79 10 869 11 1240 307 0
80 3 630 175 653 195 0
80 4 667 180 729 226 0
80 5 763 182 977 310 0
80 9 729 175 783 207 0
80 10 853 26 1240 293 0
81 3 629 175 651 194 0
81 4 664 180 722 224 0
81 5 751 181 940 297 0
81 9 724 175 776 206 0
81 10 839 39 1205 282 0
82 4 660 180 715 222 0
82 5 741 181 910 286 0
82 9 719 175 769 205 0
82 10 827 50 1155 273 0
83 4 657 179 709 219 0
83 5 731 180 882 275 0
83 9 715 175 762 203 0
83 10 816 59 1112 266 0
84 4 654 179 704 217 0
84 5 723 179 859 267 0
84 9 710 175 754 202 0
84 10 805 68 1073 259 0
85 4 652 179 699 216 0
85 5 715 178 839 259 0
85 9 705 175 747 201 0
85 10 796 75 1040 252 0
86 4 649 179 694 214 0
86 5 708 178 821 253 0
86 9 701 175 741 200 0
86 10 787 81 1011 247 0
87 4 647 179 690 212 0
87 5 702 178 805 248 0
87 9 697 175 734 199 0
87 10 778 87 983 242 0
88 4 645 178 686 211 0
88 5 696 178 791 243 0
88 9 694 174 729 198 0
88 10 770 92 959 238 0
89 4 643 178 683 209 0
89 5 690 178 778 239 0
89 10 763 97 937 234 0
90 4 642 178 680 208 0
90 5 685 178 767 235 0
90 6 885 157 1240 373 1
90 10 755 101 918 230 0
90 13 928 177 1016 209 0
91 4 640 178 676 207 0
91 5 681 177 756 231 0
91 6 857 160 1240 373 1
91 10 749 105 900 227 0
91 13 919 177 1006 209 0
92 4 638 178 673 206 0
92 5 676 177 747 228 0
92 6 834 162 1240 373 1
92 10 742 108 884 224 0
92 13 910 177 996 209 0
93 4 636 177 670 205 0
93 5 672 176 738 224 0
93 6 813 163 1154 372 1
93 10 737 111 869 222 0
93 13 902 177 986 208 0
94 4 635 177 667 204 0
94 5 669 176 730 222 0
94 6 796 164 1084 347 1
94 10 731 114 856 219 0
94 13 894 177 976 208 0
95 4 633 177 665 203 0
95 5 665 176 723 219 0
95 6 781 165 1030 327 1
95 10 726 117 844 217 0
95 13 885 177 967 207 0
96 4 632 177 662 202 0
96 5 662 176 717 217 0
96 6 767 166 984 311 1
96 10 721 119 833 215 0
96 13 877 176 958 207 0
97 4 631 177 660 201 0
97 5 659 176 711 214 0
97 6 755 167 946 298 1
97 10 717 121 822 213 0
97 13 869 176 949 207 0
98 4 629 177 657 200 0
98 5 656 176 705 212 0
98 6 746 167 915 287 1
98 10 713 123 813 212 0
98 13 863 176 941 206 0
99 4 628 177 655 199 0
99 5 654 175 700 211 0
99 6 736 168 888 277 1
99 10 709 125 804 210 0
99 13 857 176 935 206 0
100 4 627 176 653 198 0
100 5 651 175 695 209 0
100 6 727 168 865 269 0
100 7 896 195 1240 373 1
100 10 705 127 796 209 0
100 11 1240 191 1240 373 0
100 13 851 176 928 205 0
101 4 626 176 651 197 0
101 5 648 175 690 208 0
101 6 719 169 845 262 0
101 7 864 192 1240 373 1
101 10 701 129 788 207 0
101 11 1186 189 1240 373 0
101 13 846 176 922 205 0
102 5 646 175 686 206 0
102 6 712 169 827 256 0
102 7 838 190 1163 373 1
102 10 698 130 781 206 0
102 11 1126 187 1240 373 0
102 13 842 176 916 205 0
103 5 643 175 681 205 0
103 6 705 169 812 250 0
103 7 817 188 1088 346 1
103 10 694 132 774 205 0
103 11 1077 186 1240 362 0
103 13 837 176 911 205 0
104 5 641 175 677 204 0
104 6 699 169 798 245 0
104 7 797 187 1026 325 1
104 10 691 133 767 204 0
104 11 1037 184 1240 337 0
104 13 832 176 905 204 0
105 5 639 175 673 202 0
105 6 694 170 786 241 0
105 7 781 186 978 308 1
105 10 688 134 761 203 0
105 11 1002 183 1240 316 0
105 13 828 176 900 204 0
106 5 637 175 670 201 0
106 6 689 170 775 237 0
106 7 767 186 939 295 1
106 10 685 135 756 202 0
106 11 972 182 1240 300 0
106 13 823 176 894 204 0
107 5 635 174 667 200 0
107 6 684 170 764 233 0
107 7 755 185 908 283 1
107 10 683 136 750 201 0
107 11 946 182 1209 288 0
107 13 820 175 891 204 0
108 5 634 174 664 199 0
108 6 680 170 755 230 0
108 7 744 184 881 274 1
108 10 680 138 745 200 0
108 11 923 181 1154 277 0
108 13 817 175 887 203 0
109 5 632 174 661 198 0
109 6 676 170 747 227 0
109 7 735 183 858 265 1
109 10 678 139 739 199 0
109 11 903 181 1109 269 0
109 13 815 175 884 203 0
110 5 630 174 658 197 0
110 6 672 171 739 224 0
110 7 727 182 839 258 0
110 10 675 140 735 198 0
110 11 885 180 1068 261 0
110 13 812 175 880 203 0
111 5 629 174 656 196 0
111 6 669 171 732 222 0
111 7 719 182 821 252 0
111 10 672 141 730 198 0
111 11 868 179 1033 254 0
111 13 809 175 877 202 0
112 5 627 174 653 195 0
112 6 666 171 725 220 0
112 7 712 181 806 246 0
112 10 670 141 726 197 0
112 11 854 179 1003 249 0
112 13 807 175 874 202 0
113 5 626 174 651 195 0
113 6 663 171 719 218 0
113 7 705 181 792 242 0
113 10 668 142 722 196 0
113 11 841 178 977 244 0
113 13 804 175 872 202 0
114 5 624 174 649 194 0
114 6 660 171 713 216 0
114 7 700 180 780 237 0
114 10 666 143 719 196 0
114 11 829 178 954 239 0
114 13 802 175 869 202 0
115 6 657 171 708 214 0
115 7 694 180 769 234 0
115 10 663 144 715 195 0
115 11 818 178 934 235 0
115 13 802 175 869 202 0
116 6 655 171 703 212 0
116 7 690 180 760 230 0
116 10 661 145 711 194 0
116 11 808 177 915 232 0
116 13 802 175 868 202 0
117 6 652 171 699 211 0
117 7 685 179 751 227 0
117 10 659 145 708 194 0
117 11 798 177 898 229 0
117 13 801 175 868 202 0
118 6 650 171 695 210 0
118 7 680 179 742 225 0
118 10 657 146 705 193 0
118 11 790 177 883 226 0
118 13 801 175 868 202 0
119 6 647 171 691 208 0
119 7 676 179 735 222 0
119 10 656 147 702 193 0
119 11 781 176 869 223 0
119 13 801 175 867 202 0
120 6 645 171 687 207 0
120 7 673 179 728 220 0
120 10 654 147 699 192 0
120 11 774 176 857 221 0
120 13 801 175 867 202 0
121 6 643 171 684 206 0
121 7 669 178 722 217 0
121 10 652 147 696 191 0
121 11 767 176 845 218 0
121 13 801 175 867 202 0
122 6 642 171 681 205 0
122 7 666 178 716 215 0
122 10 651 147 693 190 0
122 11 760 176 833 216 0
122 13 801 175 867 202 0
123 6 640 171 678 204 0
123 7 663 178 711 214 0
123 10 649 148 690 190 0
123 11 754 176 823 215 0
123 13 801 175 867 202 0
124 6 638 172 674 203 0
124 7 660 178 706 212 0
124 10 648 149 688 189 0
124 11 748 176 814 213 0
124 13 801 175 867 202 0
125 6 637 172 671 202 0
125 7 658 177 701 210 0
125 10 646 149 685 189 0
125 11 742 176 805 212 0
125 13 800 175 867 202 0
126 6 635 172 668 201 0
126 7 655 177 697 209 0
126 10 645 150 682 189 0
126 11 737 176 797 210 0
126 13 800 175 867 202 0
127 6 633 172 666 201 0
127 7 653 177 693 208 0
127 10 644 150 680 188 0
127 11 732 175 789 209 0
127 13 800 175 867 202 0
128 6 632 172 663 200 0
128 7 651 177 690 206 0
128 10 643 151 678 188 0
128 11 727 175 782 207 0
128 13 800 175 866 202 0
129 6 630 172 661 199 0
129 7 649 177 686 205 0
129 10 641 151 675 188 0
129 11 723 175 775 206 0
129 13 800 175 866 202 0
130 6 629 172 658 198 0
130 7 647 177 683 204 0
130 10 640 152 673 187 0
130 11 718 175 768 205 0
130 12 905 140 1162 284 0
130 13 800 175 866 202 0
131 6 628 172 656 197 0
131 7 645 177 679 203 0
131 10 639 152 671 187 0
131 11 714 176 762 205 0
131 12 886 143 1112 274 0
131 13 800 175 866 202 0
132 6 627 172 654 196 0
132 7 643 177 676 203 0
132 10 638 152 669 187 0
132 11 711 176 757 204 0
132 12 868 146 1069 265 0
132 13 800 174 866 202 0
133 6 626 172 653 196 0
133 7 642 176 673 202 0
133 10 637 153 667 186 0
133 11 707 175 751 203 0
133 12 852 148 1033 258 0
133 13 799 174 865 201 0
134 6 626 172 651 195 0
134 7 640 176 671 200 0
134 10 636 153 665 186 0
134 11 703 175 746 202 0
134 12 837 150 1001 252 0
134 13 799 174 865 201 0
135 6 625 172 649 194 0
135 7 638 176 668 199 0
135 10 635 154 664 186 0
135 11 700 175 741 201 0
135 12 824 151 973 246 0
135 13 799 174 865 201 0
136 7 637 176 666 199 0
136 10 634 154 662 185 0
136 11 697 175 737 200 0
136 12 813 153 949 241 0
136 13 799 174 865 201 0
137 7 636 175 664 198 0
137 10 633 154 660 185 0
137 11 694 175 733 199 0
137 12 802 154 927 237 0
137 13 799 174 865 201 0
138 7 635 175 662 197 0
138 10 632 155 659 185 0
138 11 692 175 729 198 0
138 12 793 155 908 234 0
138 13 799 174 865 201 0
139 7 634 175 660 196 0
139 10 632 155 658 185 0
139 11 689 175 725 197 0
139 12 783 156 891 230 0
139 13 799 174 865 201 0
140 7 633 175 658 196 0
140 11 686 174 721 197 0
140 12 775 157 875 227 0
140 13 799 174 866 201 0
141 7 632 175 657 195 0
141 11 683 174 717 196 0
141 12 767 158 861 224 0
141 13 800 174 866 201 0
142 11 681 174 714 196 0
142 12 760 158 848 222 0
142 13 800 174 866 201 0
143 11 678 174 710 195 0
143 12 753 159 836 219 0
143 13 800 174 866 201 0
144 11 676 174 707 194 0
144 12 747 159 825 217 0
144 13 800 174 866 201 0
145 11 674 174 704 194 0
145 12 741 160 815 215 0
145 13 800 174 867 201 0
146 11 672 174 701 193 0
146 12 736 160 805 213 0
146 13 800 174 866 202 0
147 11 670 174 699 193 0
147 12 731 161 796 212 0
147 13 799 174 866 202 0
148 11 668 174 696 192 0
148 12 726 161 788 210 0
148 13 799 175 865 202 0
149 11 666 174 693 192 0
149 12 721 162 781 209 0
149 13 799 175 865 202 0
150 11 664 174 690 191 0
150 12 717 162 773 207 0
150 13 798 175 864 202 0
151 11 663 174 688 191 0
151 12 713 162 767 206 0
151 13 798 175 863 202 0
152 11 661 174 685 190 0
152 12 709 163 761 205 0
152 13 797 174 862 202 0
153 12 705 163 755 204 0
153 13 796 174 861 201 0
154 12 702 163 750 203 0
154 13 795 174 860 201 0
155 12 698 164 745 202 0
155 13 794 174 859 201 0
156 12 695 164 740 201 0
156 13 792 174 857 201 0
157 12 692 164 735 200 0
157 13 790 174 855 201 0
158 12 690 165 731 199 0
158 13 788 175 853 201 0
159 12 687 165 727 199 0
159 13 786 175 850 202 0
160 12 684 165 723 198 0
160 13 785 175 848 202 0
161 12 682 165 719 197 0
161 13 781 175 845 202 0
162 12 679 165 716 197 0
162 13 778 175 841 201 0
163 12 677 166 712 196 0
163 13 775 175 838 201 0
164 12 675 166 709 196 0
164 13 773 174 834 201 0
165 12 672 166 706 195 0
165 13 770 174 831 200 0
166 12 670 166 703 195 0
166 13 766 174 827 200 0
167 12 668 166 700 194 0
167 13 763 174 823 200 0
168 12 666 167 698 194 0
168 13 760 175 819 200 0
169 12 665 167 695 193 0
169 13 757 175 814 200 0
170 12 663 167 692 193 0
170 13 753 175 810 200 0
171 12 661 167 690 192 0
171 13 749 174 805 199 0
172 12 660 167 687 192 0
172 13 746 174 800 199 0
173 12 658 167 685 191 0
173 13 742 174 795 199 0
174 12 656 167 683 191 0
174 13 738 174 790 198 0
175 12 655 167 681 190 0
175 13 735 174 785 198 0
176 12 654 167 679 190 0
176 13 731 174 781 198 0
177 12 652 167 677 190 0
177 13 727 174 776 198 0
178 12 651 167 675 189 0
178 13 724 175 771 198 0
179 13 720 175 767 198 0
180 13 717 175 762 198 0
181 13 714 175 758 198 0
182 13 711 175 754 198 0
183 13 708 175 750 197 0
184 13 705 175 746 197 0
185 13 702 175 742 197 0
186 13 700 177 738 198 0
187 13 697 178 735 199 0
188 13 694 179 731 200 0
189 13 692 181 727 201 0
190 13 689 181 723 201 0
190 14 477 172 503 197 0
191 13 686 181 719 201 0
191 14 474 172 501 198 0
192 13 683 181 715 201 0
192 14 471 172 499 199 0
193 13 679 182 711 202 0
193 14 467 173 496 200 0
194 13 675 182 706 202 0
194 14 464 173 493 200 0
195 13 672 183 702 203 0
195 14 460 173 491 201 0
196 13 668 184 697 203 0
196 14 456 174 488 203 0
197 13 665 184 693 204 0
197 14 452 175 484 204 0
198 13 662 185 690 205 0
198 14 448 177 481 206 0
199 13 659 186 686 205 0
199 14 443 176 477 206 0
200 13 655 186 682 205 0
200 14 437 176 473 206 0
201 13 651 186 677 205 0
201 14 432 176 469 207 0
202 13 647 185 672 204 0
202 14 426 176 465 207 0
203 13 643 184 669 203 0
203 14 422 175 462 207 0
204 13 640 183 666 202 0
204 14 418 173 459 206 0
205 13 638 182 664 200 0
205 14 413 172 456 206 0
206 13 636 181 661 199 0
206 14 410 172 454 206 0
207 13 635 180 661 198 0
207 14 406 171 452 206 0
208 13 635 180 660 197 0
208 14 403 170 450 205 0
209 13 636 179 661 197 0
209 14 402 170 450 206 0
210 13 637 179 661 196 0
210 14 401 170 450 207 1
211 13 642 179 665 196 0
211 14 401 169 450 207 1
212 13 647 179 670 196 0
212 14 403 170 452 208 1
213 13 653 179 675 196 0
213 14 409 170 459 209 1
214 13 663 179 684 196 0
214 14 412 170 467 211 1
215 13 672 179 693 196 0
215 14 420 171 476 212 1
216 13 686 177 707 195 0
216 14 432 170 487 211 1
217 13 701 176 721 193 0
217 14 443 168 499 211 1
218 13 719 175 740 192 0
218 14 459 167 516 211 1
219 13 739 174 759 191 0
219 14 475 165 533 210 1
220 13 758 173 779 190 0
220 14 492 164 551 210 1
221 14 512 162 573 209 1
222 14 533 161 596 209 1
223 14 555 159 620 209 1
224 14 579 158 645 208 1
225 14 604 156 672 208 1
226 14 630 156 701 210 1
227 14 659 157 731 213 1
228 14 689 157 763 215 1
229 14 718 154 797 215 1
230 14 750 150 833 214 0
231 14 784 146 873 213 0
232 14 818 143 912 214 0
233 14 856 140 956 215 0
234 14 898 137 1004 216 0
235 14 946 133 1059 218 0
236 14 991 128 1115 220 0
237 14 1043 123 1180 223 0
238 14 1103 117 1240 226 0
239 14 1174 110 1240 230 0
240 14 1240 102 1240 236 0
240 15 2 148 2 214 0
241 15 2 150 22 215 0
242 15 2 152 61 216 0
243 15 2 154 96 216 0
244 15 2 155 131 217 0
245 15 25 156 160 217 0
246 15 56 156 189 217 0
247 15 81 158 214 219 0
248 15 106 160 239 221 0
249 15 129 162 262 223 0
250 15 149 160 282 222 0
251 15 164 158 298 221 0
252 15 172 157 309 220 0
253 15 180 156 321 219 0
254 15 184 153 328 218 0
255 15 182 152 330 218 0
256 15 179 150 333 218 0
257 15 171 150 329 220 0
258 15 162 150 325 222 0
259 15 147 148 319 222 0
260 15 132 145 312 221 0
261 15 116 141 305 221 0
262 15 97 141 296 223 0
263 15 77 140 288 225 0
264 15 56 140 279 228 0
265 15 33 136 270 228 0
266 15 9 132 260 227 0
267 15 2 127 250 227 0
268 15 2 122 239 226 0
269 15 2 117 228 226 0
