0 1 2 195 379 373 0
0 2 335 191 469 276 0
0 3 481 184 529 221 0
0 4 504 161 550 211 0
0 5 565 178 596 205 1
0 6 903 148 1034 326 0
0 7 1068 124 1240 328 0
0 8 540 180 563 200 0
1 1 2 196 369 373 0
1 2 326 191 465 279 0
1 3 478 184 527 222 0
1 4 502 160 548 211 0
1 5 564 178 595 205 1
1 6 936 145 1093 346 0
1 7 1059 128 1240 330 0
1 8 539 180 562 200 0
2 1 2 196 358 373 0
2 2 316 191 461 282 0
2 3 475 183 525 222 0
2 4 499 160 547 212 0
2 5 562 178 594 206 1
2 6 979 140 1173 373 0
2 7 1051 132 1240 332 0
2 8 537 179 561 200 0
3 1 2 197 346 373 0
3 2 305 191 457 285 0
3 3 472 183 523 223 0
3 4 497 159 545 212 0
3 5 560 178 593 206 1
3 6 1034 134 1240 373 0
3 7 1043 136 1240 334 0
3 8 535 179 559 200 0
4 1 2 198 333 373 0
4 2 293 191 453 288 0
4 3 469 183 521 223 0
4 4 494 159 543 212 0
4 5 558 178 591 207 1
4 6 1106 124 1240 373 0
4 7 1035 140 1232 336 0
4 8 534 179 558 200 0
5 1 2 199 318 373 0
5 2 281 191 448 292 0
5 3 465 182 518 223 0
5 4 491 158 542 212 0
5 5 555 177 590 207 1
5 7 1028 138 1220 332 0
5 8 532 179 557 200 0
6 1 2 200 302 373 0
6 2 268 191 443 295 0
6 3 463 182 517 224 0
6 4 489 157 541 212 0
6 5 554 177 589 208 1
6 7 1020 136 1208 327 0
6 8 531 178 556 199 0
7 1 2 201 283 373 0
7 2 254 191 438 299 0
7 3 460 182 515 224 0
7 4 488 156 540 211 0
7 5 552 176 588 208 1
7 7 1013 134 1197 323 0
7 8 530 177 555 199 0
8 1 2 202 263 373 0
8 2 238 191 433 304 0
8 3 457 181 513 224 0
8 4 486 154 539 210 0
8 5 550 176 588 208 1
8 7 1006 132 1186 319 0
8 8 529 176 554 198 0
9 1 2 204 239 373 0
9 2 221 191 427 309 0
9 3 454 181 511 224 0
9 4 484 153 538 209 0
9 5 548 175 587 208 1
9 7 999 130 1175 314 0
9 8 528 175 553 197 0
10 1 2 206 213 373 0
10 2 203 191 421 314 0
10 3 451 181 510 225 0
10 4 482 151 537 209 0
10 5 546 175 586 209 1
10 7 994 130 1167 312 0
10 8 526 175 552 197 0
11 2 184 192 416 321 0
11 3 449 181 509 226 0
11 4 481 151 537 210 0
11 5 545 176 586 210 1
11 7 990 130 1159 310 0
11 8 526 175 552 197 0
12 2 163 193 411 329 0
12 3 447 181 508 227 0
12 4 480 152 536 211 0
12 5 544 176 586 212 1
12 7 985 130 1151 307 0
12 8 526 176 552 198 0
13 2 140 193 406 337 0
13 3 445 182 507 228 0
13 4 479 152 536 211 0
13 5 543 177 586 214 1
13 7 981 130 1143 305 0
13 8 525 177 552 199 0
14 2 114 194 401 347 0
14 3 443 182 507 229 0
14 4 478 152 536 213 0
14 5 542 178 586 215 1
14 7 977 130 1136 303 0
14 8 525 177 552 200 0
15 2 86 195 395 357 0
15 3 440 182 506 231 0
15 4 477 153 535 214 0
15 5 541 179 586 217 1
15 7 973 133 1129 303 0
15 8 524 178 551 201 0
16 2 59 199 389 372 0
16 3 438 183 505 232 0
16 4 476 154 535 216 0
16 5 540 179 586 219 1
16 7 970 135 1122 303 0
16 8 524 178 551 202 0
17 2 29 196 382 373 0
17 3 436 184 504 234 0
17 4 474 155 535 218 0
17 5 539 180 586 220 1
17 7 967 138 1116 303 0
17 8 524 179 551 202 0
18 2 2 201 375 373 0
18 3 434 184 503 235 0
18 4 473 156 534 220 0
18 5 537 181 587 222 1
18 7 963 141 1110 303 0
18 8 523 180 551 203 0
19 2 2 203 368 373 0
19 3 432 185 502 237 0
19 4 472 158 534 222 0
19 5 536 181 587 224 1
19 7 960 143 1104 303 0
19 8 523 180 551 204 0
20 2 2 205 360 373 0
20 3 429 186 501 239 0
20 4 470 159 533 224 0
20 5 535 182 587 226 1
20 7 955 144 1094 300 0
20 8 522 181 551 205 0
21 2 2 203 352 373 0
21 3 427 186 500 240 0
21 4 470 158 534 224 0
21 5 533 182 587 226 1
21 7 950 144 1085 298 0
21 8 522 181 551 205 0
22 2 2 206 344 373 0
22 3 424 186 499 241 0
22 4 469 157 534 224 0
22 5 531 181 587 227 1
22 7 945 145 1077 296 0
22 8 522 181 551 205 0
23 2 2 203 335 373 0
23 3 422 186 497 242 0
23 4 468 156 534 223 0
23 5 529 181 586 228 1
23 7 940 146 1068 293 0
23 8 522 181 551 206 0
24 2 2 208 325 373 0
24 3 419 186 496 243 0
24 4 468 155 534 223 0
24 5 527 181 586 229 1
24 7 935 146 1060 291 0
24 8 522 181 551 206 0
25 2 2 204 315 373 0
25 3 416 186 495 244 0
25 4 467 154 534 223 0
25 5 525 181 586 230 1
25 7 929 147 1050 289 0
25 8 522 181 551 206 0
26 2 2 208 305 373 0
26 3 413 186 494 244 0
26 4 465 154 533 224 0
26 5 523 181 586 231 1
26 7 923 148 1041 286 0
26 8 522 181 551 206 0
27 2 2 212 295 373 0
27 3 411 185 493 245 0
27 4 463 154 532 225 0
27 5 521 181 586 233 1
27 7 918 149 1031 284 0
27 8 521 181 551 206 0
28 2 2 212 283 373 0
28 3 408 185 492 245 0
28 4 461 154 532 226 0
28 5 520 181 587 234 1
28 7 912 149 1023 282 0
28 8 521 180 551 206 0
29 2 2 210 271 373 0
29 3 405 184 491 246 0
29 4 459 155 531 227 0
29 5 518 181 587 236 1
29 7 907 150 1014 280 0
29 8 520 180 550 206 0
30 2 2 210 257 373 0
30 3 402 184 489 247 0
30 4 457 155 530 228 0
30 5 516 182 587 237 1
30 7 900 150 1004 277 0
30 8 520 180 550 206 0
31 2 2 213 245 373 0
31 3 399 184 488 248 0
31 4 456 155 530 229 0
31 5 514 182 587 239 1
31 7 894 150 994 275 0
31 8 520 180 550 206 0
32 2 2 219 232 373 0
32 3 397 185 487 249 0
32 4 455 154 529 229 0
32 5 512 182 587 241 1
32 7 887 150 984 272 0
32 8 519 180 550 206 0
33 2 2 217 217 373 0
33 3 395 185 485 250 0
33 4 454 154 529 229 0
33 5 509 182 587 243 1
33 7 881 151 975 269 0
33 8 519 181 550 207 0
34 2 2 223 201 373 0
34 3 392 185 484 251 0
34 4 453 154 529 230 0
34 5 507 182 587 244 1
34 7 875 151 966 267 0
34 8 519 181 550 207 0
35 2 2 221 184 373 0
35 3 390 186 482 252 0
35 4 451 153 528 230 0
35 5 504 183 587 246 1
35 7 870 155 957 269 0
35 8 519 181 550 207 0
36 3 387 186 481 254 0
36 4 450 153 527 230 0
36 5 502 183 587 248 1
36 7 864 153 949 264 0
36 8 519 181 550 207 0
37 3 384 186 480 255 0
37 4 448 152 527 230 0
37 5 499 183 587 250 1
37 7 859 156 941 265 0
37 8 519 180 550 207 0
38 3 381 186 479 256 0
38 4 446 151 526 230 0
38 5 496 183 587 252 1
38 7 853 151 933 258 0
38 8 519 180 550 206 0
39 3 378 186 478 257 0
39 4 444 150 525 230 0
39 5 493 183 587 253 1
39 7 848 152 926 256 0
39 8 519 179 550 206 0
40 3 375 186 477 258 0
40 4 443 149 525 230 0
40 5 490 183 586 255 1
40 7 843 155 917 257 0
40 8 519 179 550 205 0
41 3 372 187 476 259 0
41 4 442 150 524 231 0
41 5 488 184 587 257 1
41 7 838 155 910 254 0
41 8 519 179 551 205 0
42 3 369 187 475 261 0
42 4 441 150 524 232 0
42 5 486 184 587 259 1
42 7 833 155 902 252 0
42 8 519 179 551 206 0
43 3 366 187 473 262 0
43 4 439 151 524 233 0
43 5 483 185 587 261 1
43 7 828 157 895 251 0
43 8 520 179 552 206 0
44 3 363 187 472 263 0
44 4 438 151 523 234 0
44 5 481 185 587 263 1
44 7 823 155 889 248 0
44 8 520 178 552 206 0
45 3 360 188 471 264 0
45 4 437 151 523 236 0
45 5 478 185 587 266 1
45 7 819 157 882 248 0
45 8 520 178 552 206 0
46 3 358 188 470 265 0
46 4 436 150 523 235 0
46 5 475 185 587 267 1
46 7 815 157 876 245 0
46 8 520 179 552 206 0
47 3 356 188 469 266 0
47 4 435 149 522 234 0
47 5 471 185 586 269 1
47 7 811 156 870 242 0
47 8 519 179 552 207 0
48 3 354 188 468 266 0
48 4 434 148 522 234 0
48 5 467 185 585 270 1
48 7 807 156 865 240 0
48 8 519 179 552 207 0
49 3 352 188 467 267 0
49 4 432 147 521 233 0
49 5 464 185 585 272 1
49 7 804 155 860 237 0
49 8 518 179 551 207 0
50 3 350 188 467 268 0
50 4 431 146 521 233 0
50 5 460 185 584 273 1
50 7 799 156 853 236 0
50 8 518 179 551 207 0
51 3 348 188 464 269 0
51 4 430 147 520 234 0
51 5 456 185 584 275 1
51 7 795 157 847 235 0
51 8 518 179 551 207 0
52 3 346 188 461 270 0
52 4 429 145 520 233 0
52 5 453 185 583 277 1
52 7 791 157 841 234 0
52 8 517 179 551 208 0
53 3 344 188 458 271 0
53 4 429 145 520 233 0
53 5 449 185 583 278 1
53 7 786 158 836 233 0
53 8 517 179 551 208 0
54 3 342 188 454 272 0
54 4 428 146 520 235 0
54 5 445 186 582 280 1
54 7 782 159 830 232 0
54 8 517 179 551 208 0
55 3 341 188 451 273 0
55 4 427 146 520 235 0
55 5 442 186 581 282 1
55 7 779 159 825 231 0
55 8 517 179 551 208 0
56 3 339 188 452 273 0
56 4 426 145 519 234 0
56 5 438 186 581 283 1
56 7 775 160 820 230 0
56 8 516 180 550 208 0
57 3 337 188 453 273 0
57 4 426 145 519 235 0
57 5 434 186 580 285 1
57 7 772 160 815 229 0
57 8 516 180 550 209 0
58 3 336 188 454 273 0
58 4 425 145 519 235 0
58 5 430 186 579 287 1
58 7 768 161 810 228 0
58 8 515 180 549 209 0
59 3 334 188 454 273 0
59 4 424 143 519 234 0
59 5 426 186 578 288 1
59 7 765 161 806 227 0
59 8 514 180 549 209 0
60 3 332 188 455 273 0
60 4 423 145 519 236 0
60 5 422 186 577 290 1
60 7 762 161 801 226 0
60 8 514 181 548 210 0
61 3 330 187 454 273 0
61 4 423 143 519 235 0
61 5 417 186 577 292 1
61 7 758 161 797 225 0
61 8 513 181 548 210 0
62 3 328 188 453 275 0
62 4 423 145 519 236 0
62 5 413 186 576 294 1
62 7 755 161 793 224 0
62 8 513 180 548 209 0
63 3 326 188 453 276 0
63 4 423 145 519 236 0
63 5 408 187 575 296 1
63 7 752 162 789 223 0
63 8 513 180 548 209 0
64 3 324 189 452 278 0
64 4 422 145 519 237 0
64 5 403 187 574 298 1
64 7 749 162 785 222 0
64 8 513 180 548 209 0
65 3 322 186 451 274 0
65 4 422 145 519 236 0
65 5 398 187 573 300 1
65 7 746 162 781 221 0
65 8 512 180 547 209 0
66 3 321 187 450 276 0
66 4 422 145 519 237 0
66 5 393 187 572 301 1
66 7 743 163 777 220 0
66 8 513 180 548 209 0
67 3 319 189 449 279 0
67 4 422 145 519 237 0
67 5 387 187 571 303 1
67 7 740 163 773 219 0
67 8 513 180 548 209 0
68 3 317 188 448 278 0
68 4 422 146 519 238 0
68 5 382 187 570 304 1
68 7 737 163 769 218 0
68 8 513 180 548 210 0
69 3 316 189 448 280 0
69 4 422 146 519 238 0
69 5 376 187 569 306 1
69 7 734 164 765 218 0
69 8 513 180 548 210 0
70 3 314 187 447 277 0
70 4 422 146 520 239 0
70 5 370 186 567 307 1
70 7 732 161 762 213 0
70 8 513 181 548 210 0
71 3 312 187 447 278 0
71 4 421 146 519 238 0
71 5 365 187 566 310 1
71 7 730 160 760 213 0
71 8 513 180 548 210 0
72 3 310 187 447 278 0
72 4 420 145 519 238 0
72 5 360 187 564 312 1
72 7 728 163 757 214 0
72 8 512 180 548 210 0
73 3 308 187 447 278 0
73 4 419 144 518 238 0
73 5 354 188 562 315 1
73 7 726 161 754 211 0
73 8 512 180 548 209 0
74 3 306 187 447 279 0
74 4 418 144 518 237 0
74 5 348 188 561 318 1
74 7 724 163 752 213 0
74 8 512 179 547 209 0
75 3 304 187 447 279 0
75 4 418 143 517 237 0
75 5 342 189 559 321 1
75 7 722 163 749 212 0
75 8 511 179 547 209 0
76 3 303 187 445 280 0
76 4 417 142 517 236 0
76 5 335 189 558 323 1
76 7 720 163 747 211 0
76 8 511 179 547 209 0
77 3 301 187 444 280 0
77 4 416 144 516 239 0
77 5 328 189 556 325 1
77 7 719 164 745 211 0
77 8 510 178 546 208 0
78 3 300 187 443 281 0
78 4 415 144 515 239 0
78 5 321 189 555 327 1
78 7 717 164 743 210 0
78 8 510 178 546 208 0
79 3 298 187 441 282 0
79 4 414 142 514 237 0
79 5 313 189 554 330 1
79 7 716 164 741 210 0
79 8 509 177 545 208 0
80 3 296 186 440 282 0
80 4 413 143 514 239 0
80 5 305 189 552 332 1
80 7 714 164 739 209 0
80 8 508 177 545 207 0
81 3 295 187 439 284 0
81 4 412 143 513 239 0
81 5 300 189 550 336 1
81 7 713 164 737 209 0
81 8 508 177 545 208 0
82 3 294 188 438 285 0
82 4 411 144 513 240 0
82 5 294 190 549 339 1
82 7 711 164 735 208 0
82 8 508 178 545 208 0
83 3 293 189 437 287 0
83 4 409 144 512 241 0
83 5 287 191 547 343 1
83 7 710 164 733 207 0
83 8 507 178 545 208 0
84 3 292 190 437 288 0
84 4 408 144 512 242 0
84 5 281 192 545 347 1
84 7 708 164 731 207 0
84 8 507 178 545 208 0
85 3 290 191 436 289 0
85 4 407 145 511 243 0
85 5 274 193 543 351 1
85 7 706 165 729 207 0
85 8 507 178 545 209 0
