0 1 419 189 555 288 1
1 1 400 189 550 298 1
2 1 377 190 544 310 1
3 1 348 191 537 325 1
4 1 313 191 530 344 1
5 1 266 192 520 369 1
6 1 203 196 509 373 1
7 1 116 197 497 373 1
8 1 2 197 481 373 1
9 1 2 199 461 373 1
10 1 2 200 434 373 1
11 1 2 202 397 373 1
12 1 2 216 341 373 1
13 1 2 209 239 373 1
40 4 178 188 251 236 0
40 5 148 190 212 233 0
40 7 117 190 157 219 0
40 62 214 187 313 251 0
41 4 226 188 294 236 0
41 5 196 189 259 231 0
41 7 173 189 209 218 0
41 62 257 187 355 251 0
42 4 272 187 337 235 0
42 5 243 188 302 230 0
42 7 223 188 257 217 0
42 62 300 186 396 250 0
43 4 314 187 376 235 0
43 5 289 188 345 229 0
43 7 270 188 303 216 0
43 62 341 186 434 250 0
44 4 356 187 416 235 0
44 5 334 188 386 229 0
44 7 311 187 343 215 0
44 62 382 185 471 250 0
45 4 390 187 450 235 0
45 5 369 187 422 228 0
45 7 351 187 382 215 0
45 62 416 185 505 250 0
46 4 425 187 485 235 0
46 5 404 186 458 227 0
46 7 388 187 418 214 0
46 62 451 184 539 251 0
47 4 460 185 519 233 0
47 5 440 186 495 227 0
47 7 421 185 452 212 0
47 62 487 184 576 252 0
48 4 493 182 552 231 0
48 5 470 183 524 224 0
48 7 455 182 486 209 0
48 62 515 181 608 251 0
49 4 527 179 587 228 0
49 5 501 180 555 222 0
49 7 484 180 515 207 0
49 62 544 179 641 250 0
50 2 2 113 338 373 0
50 3 354 180 411 230 0
50 4 551 179 612 230 0
50 5 527 180 581 223 0
50 6 378 154 433 211 0
50 7 510 179 541 207 0
50 8 482 172 507 195 0
50 62 568 179 669 252 0
51 2 2 117 352 373 0
51 3 377 179 435 229 0
51 4 576 179 638 231 0
51 5 553 180 608 223 0
51 6 398 153 453 211 0
51 7 532 179 563 207 0
51 8 508 171 532 194 0
51 62 593 179 698 255 0
52 2 2 99 363 373 0
52 3 394 179 452 231 0
52 4 593 179 657 232 0
52 5 570 180 625 224 0
52 6 419 152 474 211 0
52 7 551 179 583 207 0
52 8 526 171 551 194 0
52 62 612 179 720 258 0
53 2 2 95 369 373 0
53 3 408 180 467 232 0
53 4 612 179 678 233 0
53 5 588 180 643 225 0
53 6 432 151 488 211 0
53 7 570 179 603 207 0
53 8 544 172 570 195 0
53 62 632 179 744 261 0
54 2 2 86 372 373 0
54 3 422 180 483 233 0
54 4 631 179 700 235 0
54 5 606 179 662 225 0
54 6 446 150 502 211 0
54 7 584 179 618 208 0
54 8 558 172 584 195 0
54 62 653 179 770 265 0
55 2 2 90 373 373 0
55 3 431 180 494 234 0
55 4 643 178 714 236 0
55 5 618 180 676 228 0
55 6 461 150 516 211 0
55 7 600 179 634 208 0
55 8 572 172 598 196 0
55 62 666 180 790 269 0
56 2 2 58 369 373 0
56 3 441 179 505 235 0
56 4 656 178 729 238 0
56 5 630 181 691 230 0
56 6 471 149 525 211 0
56 7 611 178 645 208 0
56 8 583 172 609 196 0
56 62 679 180 811 274 0
57 2 2 31 361 373 0
57 3 445 179 512 236 0
57 4 669 178 745 240 0
57 5 640 183 704 233 0
57 6 481 148 534 211 0
57 7 620 180 654 210 0
57 8 594 172 620 196 0
57 62 694 180 835 280 0
58 2 2 2 351 373 0
58 3 450 178 519 237 0
58 4 676 177 760 242 0
58 5 651 184 718 235 0
58 6 484 148 541 212 0
58 7 629 180 665 211 0
58 8 601 171 627 195 0
58 62 709 181 861 286 0
59 2 2 2 332 373 0
59 3 452 178 523 238 0
59 4 684 177 771 244 0
59 5 656 181 725 234 0
59 6 487 147 549 213 0
59 7 634 179 670 210 0
59 8 606 171 632 195 0
59 62 717 181 880 293 0
60 2 2 2 309 373 0
60 3 449 177 524 239 0
60 4 692 176 781 245 0
60 5 661 179 733 233 0
60 6 488 147 550 214 0
60 7 639 178 676 210 0
60 8 611 170 637 194 0
60 62 725 180 902 300 0
61 2 2 2 275 373 0
61 3 446 176 524 241 0
61 4 698 174 790 246 0
61 5 667 176 741 232 0
61 6 489 146 551 215 0
61 7 641 177 679 209 0
61 8 614 168 639 193 0
61 62 735 180 926 308 0
62 2 2 2 225 373 0
62 3 442 175 524 242 0
62 4 703 174 799 249 0
62 5 670 176 747 234 0
62 6 490 146 552 216 0
62 7 643 176 682 209 0
62 8 616 166 641 191 0
62 62 745 180 954 317 0
63 3 438 177 523 246 0
63 4 708 175 809 254 0
63 5 673 177 752 237 0
63 6 487 145 552 217 0
63 7 645 175 685 208 0
63 8 618 167 643 192 0
63 62 756 179 986 327 0
64 3 433 178 522 250 0
64 4 714 176 821 258 0
64 5 677 178 758 240 0
64 6 485 145 553 219 0
64 7 647 176 688 210 0
64 8 620 168 645 193 0
64 62 769 179 1025 340 0
65 3 427 178 520 253 0
65 4 719 176 833 262 0
65 5 680 178 765 243 0
65 6 482 144 553 220 0
65 7 650 177 690 212 0
65 8 621 169 647 194 0
65 62 781 179 1072 359 0
66 3 420 178 518 256 0
66 4 725 175 847 268 0
66 5 684 179 772 247 0
66 6 478 142 551 220 0
66 7 652 177 693 212 0
66 8 622 169 649 196 0
66 62 795 180 1132 373 0
67 3 413 177 516 259 0
67 4 731 175 862 273 0
67 5 687 178 779 249 0
67 6 475 140 550 220 0
67 7 655 177 697 213 0
67 8 623 168 650 195 0
67 62 811 180 1210 373 0
68 3 404 177 513 263 0
68 4 738 175 880 280 0
68 5 690 177 787 251 0
68 6 471 138 548 220 0
68 7 655 175 699 212 0
68 8 623 167 650 193 0
68 62 830 181 1240 373 0
69 3 394 177 509 268 0
69 4 746 175 900 287 0
69 5 693 176 796 254 0
69 6 466 136 546 220 0
69 7 656 173 701 212 0
69 8 623 165 650 192 0
69 62 853 181 1240 373 0
70 3 382 178 505 274 0
70 4 754 175 923 295 0
70 5 699 178 808 260 0
70 6 462 135 545 222 0
70 7 657 175 704 215 0
70 8 623 168 650 195 0
70 62 882 182 1240 373 0
71 3 369 179 501 281 0
71 4 763 176 952 308 0
71 5 704 181 820 268 0
71 6 457 134 543 224 0
71 7 658 177 706 218 0
71 8 623 171 650 199 0
71 62 918 183 1240 373 0
72 3 352 179 495 288 0
72 4 773 177 986 322 0
72 5 707 180 833 272 0
72 6 451 133 541 226 0
72 7 659 180 709 222 0
72 8 622 171 649 199 0
72 62 964 184 1240 373 0
73 3 334 180 490 297 0
73 4 785 179 1028 340 0
73 5 711 179 848 277 0
73 6 445 131 539 228 0
73 7 660 178 713 222 0
73 8 620 171 649 200 0
74 3 312 181 483 307 0
74 4 800 178 1082 359 0
74 5 716 178 866 283 0
74 6 439 130 537 230 0
74 7 662 177 716 222 0
74 8 621 169 650 198 0
75 3 287 181 475 319 0
75 4 817 175 1150 373 0
75 5 721 176 886 289 0
75 6 432 128 535 233 0
75 7 663 175 720 221 0
75 8 622 167 651 196 0
76 3 257 182 467 333 0
76 4 838 173 1240 373 0
76 5 727 174 909 297 0
76 6 425 126 533 235 0
76 7 665 174 724 221 0
76 8 623 164 653 194 0
77 3 221 183 458 350 0
77 4 865 172 1240 373 0
77 5 735 176 939 311 0
77 6 416 125 531 240 0
77 7 666 172 728 221 0
77 8 623 165 655 196 0
78 3 176 184 447 370 0
78 4 898 175 1240 373 0
78 5 745 178 976 327 0
78 6 407 125 528 246 0
78 7 669 174 734 226 0
78 8 624 166 656 198 0
79 3 120 185 434 373 0
79 4 942 175 1240 373 0
79 5 756 180 1021 347 0
79 6 396 124 526 252 0
79 7 671 176 739 230 0
79 8 624 167 657 199 0
80 3 47 186 420 373 0
80 4 1001 161 1240 373 0
80 5 769 182 1078 373 0
80 6 385 123 523 259 0
80 7 673 179 744 235 0
80 8 626 170 660 202 0
80 12 555 180 576 197 0
81 3 2 188 401 373 0
81 5 785 184 1154 373 0
81 6 371 122 520 267 0
81 7 676 181 751 240 0
81 8 628 172 662 205 0
81 12 555 181 576 198 0
82 3 2 189 377 373 0
82 5 804 183 1240 373 0
82 6 356 121 517 276 0
82 7 680 181 758 242 0
82 8 628 172 663 205 0
82 12 555 182 576 200 0
83 3 2 192 348 373 0
83 5 827 182 1240 373 0
83 6 338 119 514 286 0
83 7 683 181 766 244 0
83 8 629 171 665 206 0
83 12 555 181 576 199 0
84 3 2 194 310 373 0
84 5 857 179 1240 373 0
84 6 317 114 509 295 0
84 7 687 180 775 248 0
84 8 630 171 666 206 0
84 12 554 180 576 198 0
85 3 2 198 258 373 0
85 5 897 172 1240 373 0
85 6 291 108 504 305 0
85 7 691 180 785 251 0
85 8 630 170 667 206 0
85 12 554 179 576 197 0
86 5 951 153 1240 373 0
86 6 261 100 498 317 0
86 7 695 180 796 256 0
86 8 631 168 668 205 0
86 12 554 179 576 197 0
87 5 1024 2 1240 373 0
87 6 224 91 492 331 0
87 7 699 180 809 260 0
87 8 632 167 670 204 0
87 12 553 179 576 197 0
88 6 178 80 484 349 0
88 7 704 179 823 266 0
88 8 633 167 672 206 0
88 12 553 179 575 198 0
89 6 119 65 476 373 0
89 7 710 180 840 274 0
89 8 634 168 674 207 0
89 12 552 179 575 198 0
90 6 42 50 466 373 0
90 7 717 181 860 283 0
90 8 635 169 676 209 0
90 12 552 180 575 199 0
91 6 2 28 454 373 0
91 7 725 182 884 294 0
91 8 636 169 678 210 0
91 12 552 180 575 199 0
92 6 2 2 441 373 0
92 7 733 183 911 306 0
92 8 637 169 680 211 0
92 12 551 180 575 200 0
93 6 2 2 424 373 0
93 7 742 184 944 321 0
93 8 639 169 683 212 0
93 12 551 184 575 204 0
94 6 2 2 404 373 0
94 7 753 185 985 339 0
94 8 640 169 686 214 0
94 12 550 184 575 204 0
95 6 2 2 378 373 0
95 7 766 184 1041 359 0
95 8 641 167 688 213 0
95 12 550 184 575 205 0
96 6 2 2 345 373 0
96 7 783 182 1114 373 0
96 8 643 165 691 212 0
96 12 550 183 576 204 0
97 6 2 2 308 373 0
97 7 803 180 1217 373 0
97 8 645 162 694 211 0
97 12 550 179 576 200 0
98 6 2 2 257 373 0
98 7 829 181 1240 373 0
98 8 646 162 698 212 0
98 12 551 177 577 199 0
99 7 861 181 1240 373 0
99 8 648 162 701 214 0
99 12 551 179 578 201 0
100 7 904 181 1240 373 0
100 8 650 163 705 216 0
100 12 551 178 579 201 0
101 7 965 181 1240 373 0
101 8 652 163 709 218 0
101 12 551 178 579 201 0
102 8 654 162 714 219 0
102 12 551 178 580 201 0
103 8 657 161 719 221 0
103 12 551 177 580 201 0
104 8 659 160 725 222 0
104 12 551 177 581 201 0
105 8 662 159 731 224 0
105 12 551 177 581 201 0
106 8 665 158 737 226 0
106 12 551 177 581 202 0
107 8 668 157 744 228 0
107 12 550 177 581 202 0
108 8 672 156 752 230 0
108 12 550 177 581 203 0
109 8 675 155 761 232 0
109 12 549 176 582 203 0
110 8 678 154 768 235 0
110 12 549 176 582 204 0
111 8 680 153 777 238 0
111 12 548 175 581 203 0
112 8 683 151 786 242 0
112 12 546 174 581 202 0
113 8 686 150 796 246 0
113 12 545 173 581 202 0
114 8 689 148 808 250 0
114 12 543 172 579 201 0
115 8 693 146 821 255 0
115 12 540 171 577 201 0
116 8 697 144 836 261 0
116 12 537 171 576 202 0
117 8 702 142 854 268 0
117 12 535 172 574 204 0
118 8 707 139 874 276 0
118 12 532 172 573 205 0
119 8 715 140 902 289 0
119 12 529 173 571 207 0
120 8 722 136 932 302 0
120 9 683 176 784 250 0
120 10 673 175 741 227 0
120 11 656 176 709 218 0
120 12 526 173 570 208 0
120 15 645 174 675 199 0
120 19 631 155 659 190 0
121 8 730 131 970 317 0
121 9 687 178 795 257 0
121 10 676 176 747 231 0
121 11 658 176 713 220 0
121 12 523 174 568 210 0
121 15 646 174 675 200 0
121 19 631 155 660 191 0
122 8 739 125 1018 336 0
122 9 691 180 808 265 0
122 10 678 177 753 235 0
122 11 659 176 716 222 0
122 12 520 175 566 211 0
122 15 646 175 676 201 0
122 19 631 155 660 192 0
123 8 751 117 1081 362 0
123 9 695 180 824 272 0
123 10 680 178 760 238 0
123 11 661 176 720 224 0
123 12 517 175 564 213 0
123 15 646 175 677 202 0
123 19 630 156 661 192 0
124 8 764 107 1168 373 0
124 9 701 180 842 280 0
124 10 683 178 768 243 0
124 11 663 176 725 226 0
124 12 513 176 563 215 0
124 15 646 176 678 203 0
124 19 630 156 661 194 0
125 8 781 91 1240 373 0
125 9 706 181 864 290 0
125 10 686 179 777 247 0
125 11 664 176 729 228 0
125 12 509 176 560 217 0
125 15 646 177 680 205 0
125 19 630 157 662 195 0
126 8 801 66 1240 373 0
126 9 713 181 890 302 0
126 10 690 180 787 253 0
126 11 666 177 734 231 0
126 12 505 177 558 219 0
126 15 647 177 681 206 0
126 19 630 157 662 196 0
127 8 827 19 1240 373 0
127 9 721 182 923 317 0
127 10 694 181 799 259 0
127 11 668 177 739 234 0
127 12 501 178 556 221 0
127 15 648 178 682 208 0
127 19 631 158 663 198 0
128 8 862 2 1240 373 0
128 9 730 182 964 336 0
128 10 698 181 813 265 0
128 11 670 177 745 237 0
128 12 497 179 554 224 0
128 15 648 179 684 209 0
128 19 631 157 664 197 0
129 8 911 2 1240 373 0
129 9 740 183 1018 361 0
129 10 703 182 828 273 0
129 11 673 178 752 240 0
129 12 493 180 552 226 0
129 15 649 180 686 211 0
129 19 631 156 665 197 0
130 8 983 2 1240 373 0
130 9 753 184 1091 373 0
130 10 709 183 847 282 0
130 11 675 178 760 244 0
130 12 489 181 550 229 0
130 13 666 180 719 224 0
130 15 649 180 687 213 0
130 19 630 156 665 197 0
131 9 768 184 1199 373 0
131 10 716 183 870 292 0
131 11 678 178 769 248 0
131 12 483 180 547 230 0
131 13 668 180 724 225 0
131 15 649 180 689 213 0
131 19 629 155 664 198 0
132 9 787 184 1240 373 0
132 10 723 182 899 303 0
132 11 680 178 780 253 0
132 12 477 179 543 232 0
132 13 669 179 728 226 0
132 15 650 179 690 214 0
132 19 628 154 664 198 0
133 9 812 184 1240 373 0
133 10 733 182 934 317 0
133 11 683 178 792 258 0
133 12 470 178 539 233 0
133 13 671 179 733 228 0
133 15 650 179 692 214 0
133 19 627 154 664 198 0
134 9 846 184 1240 373 0
134 10 743 182 979 336 0
134 11 687 178 805 264 0
134 12 463 180 536 237 0
134 13 673 178 738 230 0
134 15 650 178 694 215 0
134 19 626 153 664 198 0
135 9 894 199 1240 373 0
135 10 756 181 1038 360 0
135 11 692 178 822 271 0
135 12 455 180 533 241 0
135 13 674 178 742 231 0
135 15 651 178 696 215 0
135 19 627 153 665 199 0
136 9 977 204 1240 373 0
136 10 772 182 1120 373 0
136 11 697 179 841 280 0
136 12 447 180 530 243 0
136 13 674 177 746 234 0
136 15 651 177 698 216 0
136 19 627 152 666 199 0
137 10 791 183 1239 373 0
137 11 703 179 864 291 0
137 12 438 179 526 246 0
137 13 675 176 751 236 0
137 15 652 177 701 217 0
137 19 628 152 667 200 0
138 10 815 184 1240 373 0
138 11 710 179 892 303 0
138 12 427 181 522 252 0
138 13 678 177 760 240 0
138 15 654 177 705 219 0
138 19 628 151 669 200 0
139 10 847 185 1240 373 0
139 11 718 180 926 319 0
139 12 416 181 518 257 0
139 13 681 177 769 244 0
139 15 656 177 709 221 0
139 19 629 151 670 201 0
140 10 891 196 1240 373 0
140 11 729 180 972 339 0
140 12 403 181 514 262 0
140 13 685 178 780 249 0
140 14 471 182 532 225 0
140 15 657 177 713 223 0
140 16 638 176 677 208 0
140 19 629 150 672 202 0
141 10 967 200 1240 373 0
141 11 741 180 1033 366 0
141 12 389 181 509 268 0
141 13 689 178 792 254 0
141 14 465 182 529 227 0
141 15 659 177 717 225 0
141 16 639 176 679 208 0
141 19 630 149 673 202 0
142 11 756 181 1118 373 0
142 12 373 181 504 275 0
142 13 694 178 806 260 0
142 14 458 182 526 230 0
142 15 661 178 722 227 0
142 16 640 176 681 209 0
142 19 630 149 675 203 0
143 11 773 181 1240 373 0
143 12 355 181 498 283 0
143 13 699 179 823 266 0
143 14 451 182 522 232 0
143 15 664 178 728 229 0
143 16 641 176 683 210 0
143 19 631 148 677 204 0
144 11 795 181 1240 373 0
144 12 332 181 491 292 0
144 13 706 179 842 274 0
144 14 443 182 519 234 0
144 15 666 178 734 232 0
144 16 641 175 686 211 0
144 19 631 147 678 204 0
145 11 824 182 1240 373 0
145 12 306 182 484 303 0
145 13 713 179 864 283 0
145 14 435 182 516 237 0
145 15 669 178 741 235 0
145 16 642 175 688 212 0
145 19 632 147 680 205 0
146 11 864 183 1240 373 0
146 12 273 182 475 318 0
146 13 721 179 892 294 0
146 14 426 182 513 240 0
146 15 671 178 747 238 0
146 16 643 175 691 213 0
146 19 632 146 682 206 0
147 11 922 185 1240 373 0
147 12 232 182 464 334 0
147 13 730 179 926 307 0
147 14 417 182 509 243 0
147 15 673 177 755 241 0
147 16 644 174 694 214 0
147 19 633 145 685 207 0
148 11 1005 186 1240 373 0
148 12 180 181 452 354 0
148 13 741 179 969 325 0
148 14 406 182 505 247 0
148 15 676 177 763 244 0
148 16 645 174 697 215 0
148 19 634 144 687 208 0
149 12 112 181 436 373 0
149 13 752 180 1021 348 0
149 14 392 183 499 251 0
149 15 679 176 773 248 0
149 16 646 175 700 217 0
149 19 634 143 689 209 0
150 12 17 180 418 373 0
150 13 766 182 1092 373 0
150 14 377 184 493 257 0
150 15 682 176 783 252 0
150 16 647 175 702 219 0
150 18 421 174 508 215 0
150 19 634 142 690 210 0
150 23 545 174 564 190 0
151 12 2 179 395 373 0
151 13 783 183 1192 373 0
151 14 359 184 485 263 0
151 15 687 177 796 259 0
151 16 647 176 706 222 0
151 18 415 174 505 216 0
151 19 634 142 692 211 0
151 23 544 175 563 191 0
152 12 2 177 366 373 0
152 13 804 185 1240 373 0
152 14 339 185 477 270 0
152 15 691 179 810 267 0
152 16 648 176 709 224 0
152 18 409 174 501 218 0
152 19 635 141 694 213 0
152 23 543 176 562 193 0
153 12 2 172 328 373 0
153 13 831 187 1240 373 0
153 14 318 186 470 278 0
153 15 697 181 827 277 0
153 16 649 177 713 227 0
153 18 402 174 498 219 0
153 19 635 140 697 214 0
153 23 541 177 562 194 0
154 12 2 187 276 373 0
154 13 867 190 1240 373 0
154 14 293 187 462 288 0
154 15 703 181 848 286 0
154 16 651 176 717 229 0
154 18 395 173 495 219 0
154 19 636 138 700 215 0
154 23 540 178 561 195 0
155 12 2 189 198 373 0
155 13 917 200 1240 373 0
155 14 264 189 452 299 0
155 15 711 181 873 296 0
155 16 653 176 723 230 0
155 18 389 172 491 220 0
155 19 638 136 704 216 0
155 23 540 177 561 195 0
156 13 989 204 1240 373 0
156 14 231 190 443 312 0
156 15 720 181 903 309 0
156 16 655 175 728 232 0
156 18 381 171 488 220 0
156 19 639 135 708 218 0
156 23 540 176 561 194 0
157 14 190 191 433 327 0
157 15 730 181 942 324 0
157 16 657 174 734 234 0
157 18 374 170 484 221 0
157 19 641 133 713 219 0
157 23 540 176 562 194 0
158 14 140 192 421 346 0
158 15 743 182 991 347 0
158 16 660 175 743 238 0
158 18 367 171 482 224 0
158 19 643 131 718 220 0
158 23 540 175 562 193 0
159 14 75 193 408 371 0
159 15 757 184 1056 373 0
159 16 664 175 752 243 0
159 18 360 172 479 227 0
159 19 645 128 724 222 0
159 23 540 176 563 195 0
160 14 2 195 391 373 0
160 15 776 186 1149 373 0
160 16 668 176 763 247 0
160 17 356 185 409 270 1
160 18 352 174 476 231 0
160 19 648 126 732 224 0
160 23 541 177 563 196 0
161 14 2 197 372 373 0
161 15 799 186 1240 373 0
161 16 673 176 775 252 0
161 17 340 187 398 279 1
161 18 344 175 473 235 0
161 19 651 123 740 226 0
161 23 541 178 564 198 0
162 14 2 200 348 373 0
162 15 829 186 1240 373 0
162 16 678 176 789 257 0
162 17 322 189 384 288 1
162 18 334 175 469 237 0
162 19 654 120 749 228 0
162 23 541 179 565 199 0
163 14 2 203 317 373 0
163 15 869 187 1240 373 0
163 16 684 176 805 264 0
163 17 301 188 369 297 1
163 18 323 175 465 240 0
163 19 657 117 758 230 0
163 23 542 177 566 197 0
164 14 2 212 278 373 0
164 15 926 187 1240 373 0
164 16 691 174 824 269 0
164 17 277 188 351 307 1
164 18 313 171 462 239 0
164 19 661 113 769 232 0
164 23 544 175 568 195 0
165 14 2 218 222 373 0
165 15 1008 189 1240 373 0
165 16 699 172 846 276 0
165 17 248 188 329 320 1
165 18 302 168 458 238 0
165 19 665 110 779 235 0
165 23 545 172 569 193 0
166 14 2 226 142 373 0
166 16 708 170 873 284 0
166 17 211 187 303 336 1
166 18 288 168 452 242 0
166 19 670 106 790 239 0
166 23 546 172 571 193 0
167 16 717 172 904 298 0
167 17 166 189 268 358 1
167 18 273 168 446 246 0
167 19 675 102 802 242 0
167 23 546 173 572 194 0
168 16 727 175 943 316 0
168 17 104 190 224 373 1
168 18 255 167 439 250 0
168 19 680 97 816 246 0
168 23 547 173 573 195 0
169 16 738 174 991 335 0
169 17 17 193 166 373 1
169 18 237 168 432 255 0
169 19 686 92 832 251 0
169 23 547 174 573 196 0
170 16 752 173 1055 360 0
170 17 2 196 88 373 0
170 18 216 168 425 261 0
170 19 692 86 850 256 0
170 20 673 150 752 224 0
170 22 649 168 680 196 0
170 23 548 174 575 196 0
171 16 768 172 1143 373 0
171 18 192 169 416 268 0
171 19 699 78 871 263 0
171 20 677 150 761 227 0
171 22 651 168 683 197 0
171 23 550 173 576 196 0
172 16 787 170 1240 373 0
172 18 165 169 406 275 0
172 19 707 70 896 270 0
172 20 682 149 770 230 0
172 22 654 168 686 197 0
172 23 551 173 578 196 0
173 16 811 168 1240 373 0
173 18 134 170 395 284 0
173 19 714 61 925 280 0
173 20 687 148 781 233 0
173 22 656 168 689 198 0
173 23 551 174 579 198 0
174 16 843 163 1240 373 0
174 18 98 171 382 295 0
174 19 723 49 961 293 0
174 20 693 148 792 237 0
174 22 659 168 693 199 0
174 23 552 176 580 200 0
175 16 884 149 1240 373 0
175 18 51 170 365 305 0
175 19 732 35 1006 309 0
175 20 696 146 803 241 0
175 22 662 169 696 200 0
175 23 551 176 580 200 0
176 16 942 2 1240 373 0
176 18 2 168 344 318 0
176 19 743 16 1065 330 0
176 20 700 145 814 245 0
176 22 663 169 698 201 0
176 23 550 176 579 201 0
177 16 1028 2 1240 373 0
177 18 2 167 319 334 0
177 19 756 2 1142 358 0
177 20 705 143 827 250 0
177 22 664 170 700 202 0
177 23 549 177 579 202 0
178 18 2 165 289 354 0
178 19 771 2 1240 373 0
178 20 710 141 842 255 0
178 22 665 171 703 204 0
178 23 548 177 579 203 0
179 18 2 163 251 373 0
179 19 785 2 1240 373 0
179 20 715 138 859 262 0
179 22 666 172 705 206 0
179 23 547 177 578 204 0
180 18 2 160 204 373 0
180 19 801 2 1240 373 0
180 20 721 137 879 270 0
180 21 693 166 769 232 0
180 22 667 172 707 207 0
180 23 545 178 577 205 0
180 24 588 174 619 197 0
181 18 2 156 138 373 0
181 19 822 2 1240 373 0
181 20 728 135 902 280 0
181 21 695 166 776 235 0
181 22 668 173 710 209 0
181 23 543 178 576 206 0
181 24 586 174 618 198 0
182 19 848 2 1240 373 0
182 20 735 133 929 291 0
182 21 698 166 784 238 0
182 22 669 173 712 210 0
182 23 540 179 574 208 0
182 24 584 175 617 199 0
183 19 882 2 1240 373 0
183 20 744 130 963 305 0
183 21 702 165 793 242 0
183 22 669 173 713 211 0
183 23 538 180 573 209 0
183 24 583 175 616 199 0
184 19 930 2 1240 373 0
184 20 754 127 1004 323 0
184 21 705 165 803 246 0
184 22 669 173 715 212 0
184 23 535 180 572 210 0
184 24 581 176 615 200 0
185 19 1001 2 1240 373 0
185 20 765 123 1056 345 0
185 21 709 165 814 251 0
185 22 670 173 717 213 0
185 23 533 181 570 212 0
185 24 579 176 614 201 0
186 20 778 118 1125 373 0
186 21 713 164 827 255 0
186 22 670 173 719 214 0
186 23 530 182 568 213 0
186 24 578 176 613 202 0
187 20 793 103 1220 373 0
187 21 718 162 842 261 0
187 22 670 173 721 215 0
187 23 527 182 567 215 0
187 24 577 176 613 203 0
188 20 811 82 1240 373 0
188 21 724 161 858 267 0
188 22 671 172 724 217 0
188 23 524 183 565 217 0
188 24 575 176 612 203 0
189 20 833 48 1240 373 0
189 21 730 159 878 274 0
189 22 671 172 726 218 0
189 23 521 184 563 218 0
189 24 574 176 611 204 0
190 20 861 2 1240 373 0
190 21 736 158 900 282 0
190 22 673 172 730 219 0
190 23 517 182 561 218 0
190 24 572 176 611 205 0
191 20 898 2 1240 373 0
191 21 744 155 928 291 0
191 22 674 169 734 218 0
191 23 512 180 558 217 0
191 24 570 174 610 203 0
192 20 948 2 1240 373 0
192 21 754 149 963 300 0
192 22 676 166 738 217 0
192 23 507 179 555 216 0
192 24 568 172 609 202 0
193 20 1023 2 1240 373 0
193 21 765 148 1005 317 0
193 22 678 165 742 218 0
193 23 502 176 552 215 0
193 24 566 173 608 203 0
194 21 778 147 1059 339 0
194 22 680 169 747 224 0
194 23 499 179 550 219 0
194 24 565 175 607 206 0
195 21 793 146 1130 369 0
195 22 682 172 753 230 0
195 23 495 181 548 222 0
195 24 563 177 606 208 0
196 21 811 144 1227 373 0
196 22 684 173 759 233 0
196 23 491 183 545 226 0
196 24 561 178 606 210 0
197 21 832 134 1240 373 0
197 22 686 172 765 235 0
197 23 487 186 543 231 0
197 24 560 179 605 212 0
198 21 859 117 1240 373 0
198 22 689 173 772 239 0
198 23 482 184 540 231 0
198 24 558 179 605 213 0
199 21 893 86 1240 373 0
199 22 692 172 779 241 0
199 23 477 183 538 231 0
199 24 557 180 604 215 0
200 21 940 10 1240 373 0
200 22 695 170 788 242 0
200 23 472 182 535 232 0
200 24 555 179 604 214 0
200 25 679 175 733 211 0
201 21 1005 2 1240 373 0
201 22 699 167 797 244 0
201 23 466 180 532 232 0
201 24 554 177 604 213 0
201 25 681 174 737 210 0
202 21 1105 2 1240 373 0
202 22 702 165 808 246 0
202 23 460 179 529 233 0
202 24 552 175 604 212 0
202 25 683 172 740 209 0
203 22 706 162 820 248 0
203 23 453 179 526 235 0
203 24 550 173 603 211 0
203 25 685 169 744 209 0
204 22 711 161 833 253 0
204 23 447 178 523 237 0
204 24 548 170 603 210 0
204 25 687 169 747 210 0
205 22 716 160 849 259 0
205 23 439 178 520 239 0
205 24 546 168 602 209 0
205 25 689 169 751 211 0
206 22 722 159 867 265 0
206 23 431 178 517 242 0
206 24 544 168 602 210 0
206 25 692 169 755 212 0
207 22 728 158 886 272 0
207 23 422 178 513 245 0
207 24 542 167 602 211 0
207 25 694 169 759 213 0
208 22 735 157 909 280 0
208 23 412 178 509 248 0
208 24 540 167 601 212 0
208 25 696 169 763 215 0
209 22 743 156 935 290 0
209 23 401 177 505 251 0
209 24 537 166 601 212 0
209 25 699 169 768 216 0
210 22 752 154 967 301 0
210 23 389 177 500 255 0
210 24 534 166 600 214 0
210 25 702 168 773 218 0
211 22 761 152 1005 314 0
211 23 375 177 495 260 0
211 24 531 165 599 215 0
211 25 705 168 778 220 0
212 22 773 150 1051 331 0
212 23 359 176 489 265 0
212 24 527 165 597 216 0
212 25 710 168 785 222 0
213 22 786 147 1111 352 0
213 23 345 177 484 271 0
213 24 524 165 596 218 0
213 25 715 169 792 224 0
214 22 801 143 1188 373 0
214 23 329 178 480 278 0
214 24 522 166 597 221 0
214 25 720 169 800 227 0
215 22 818 136 1240 373 0
215 23 311 179 474 286 0
215 24 521 165 598 222 0
215 25 726 169 808 229 0
216 22 839 130 1240 373 0
216 23 290 180 468 295 0
216 24 519 166 599 226 0
216 25 732 169 817 232 0
217 22 863 120 1240 373 0
217 23 265 181 461 306 0
217 24 517 167 600 229 0
217 25 739 169 826 236 0
218 22 893 108 1240 373 0
218 23 236 182 454 318 0
218 24 514 169 600 232 0
218 25 745 169 835 238 0
219 22 931 66 1240 373 0
219 23 202 183 445 333 0
219 24 510 169 600 235 0
219 25 751 169 844 241 0
220 22 980 2 1240 373 0
220 23 160 184 435 352 0
220 24 506 170 600 238 0
220 25 759 168 854 245 0
220 26 399 179 491 236 0
220 27 805 165 933 224 0
221 22 1047 2 1240 373 0
221 23 111 185 423 371 0
221 24 501 170 600 242 0
221 25 767 168 865 248 0
221 26 390 179 487 239 0
221 27 813 165 945 227 0
222 23 50 185 409 373 0
222 24 496 168 599 242 0
222 25 776 167 877 252 0
222 26 380 179 481 242 0
222 27 820 164 957 228 0
223 23 2 186 392 373 0
223 24 491 166 599 244 0
223 25 786 167 890 257 0
223 26 369 179 476 245 0
223 27 827 163 969 230 0
224 23 2 187 373 373 0
224 24 485 165 599 247 0
224 25 794 167 900 263 0
224 26 357 180 470 248 0
224 27 835 163 982 232 0
225 23 2 189 351 373 0
225 24 479 164 599 250 0
225 25 804 168 915 270 0
225 26 344 180 464 251 0
225 27 844 160 996 233 0
226 23 2 190 323 373 0
226 24 470 164 596 254 0
226 25 814 169 934 278 0
226 26 330 180 458 255 0
226 27 852 161 1010 236 0
227 23 2 192 290 373 0
227 24 461 164 592 259 0
227 25 826 170 955 286 0
227 26 314 180 450 259 0
227 27 856 162 1019 241 0
228 23 2 194 248 373 0
228 24 450 164 588 264 0
228 25 840 171 980 297 0
228 26 297 181 443 264 0
228 27 863 165 1028 247 0
229 23 2 197 193 373 0
229 24 438 164 584 270 0
229 25 851 173 1002 307 0
229 26 278 181 434 269 0
229 27 869 165 1040 251 0
230 23 2 201 120 373 0
230 24 422 166 577 278 0
230 25 858 175 1027 320 0
230 26 251 183 420 277 0
230 27 877 167 1049 258 0
231 24 403 168 570 287 0
231 25 865 177 1057 334 0
231 26 220 185 404 285 0
231 27 887 173 1061 269 0
232 24 382 173 562 300 0
232 25 874 179 1093 352 0
232 26 186 187 388 295 0
232 27 891 174 1071 274 0
233 24 357 176 553 312 0
233 25 883 180 1136 373 0
233 26 147 189 369 306 0
233 27 894 174 1081 280 0
234 24 330 176 540 323 0
234 25 892 183 1186 373 0
234 26 102 192 349 318 0
234 27 899 175 1091 287 0
235 24 299 176 527 335 0
235 25 903 183 1240 373 0
235 26 50 194 326 333 0
235 27 903 176 1103 294 0
236 24 262 176 511 349 0
236 25 914 184 1240 373 0
236 26 2 195 300 346 0
236 27 910 176 1112 303 0
237 24 219 175 495 366 0
237 25 927 185 1240 373 0
237 26 2 196 271 363 0
237 27 918 177 1122 312 0
238 24 165 175 476 373 0
238 25 943 186 1240 373 0
238 26 2 197 238 373 0
238 27 927 178 1133 323 0
239 24 97 175 455 373 0
239 25 961 188 1240 373 0
239 26 2 198 200 373 0
239 27 937 180 1145 336 0
240 24 8 174 432 373 0
240 25 983 190 1240 373 0
240 26 2 199 154 373 0
240 27 945 179 1160 347 0
241 24 2 173 404 373 0
241 25 1011 192 1240 373 0
241 27 954 179 1177 360 0
242 24 2 171 372 373 0
242 25 1048 193 1240 373 0
242 27 964 179 1196 373 0
243 24 2 169 335 373 0
243 25 1096 196 1240 373 0
243 27 976 181 1214 373 0
244 24 2 166 290 373 0
244 27 991 182 1240 373 0
245 24 2 159 236 373 0
245 27 1007 183 1240 373 0
246 24 2 141 165 373 0
246 27 1028 186 1240 373 0
247 27 1036 192 1240 373 0
248 27 1033 194 1240 373 0
249 27 1045 196 1240 373 0
250 27 1059 201 1240 373 0
251 27 1074 205 1240 373 0
252 27 1093 206 1240 373 0
253 27 1097 208 1240 373 0
254 27 1102 211 1240 373 0
255 27 1123 215 1240 373 0
260 28 1188 186 1240 286 0
261 28 1171 186 1240 288 0
262 28 1153 187 1240 290 0
263 28 1137 188 1240 294 0
264 28 1121 189 1240 298 0
265 28 1104 191 1240 302 0
266 28 1091 192 1240 306 0
267 28 1078 192 1240 310 0
268 28 1064 193 1225 315 0
269 28 1053 193 1218 320 0
270 28 1042 194 1212 326 0
271 28 1030 194 1207 332 0
272 28 1023 194 1207 338 0
273 28 1015 194 1208 346 0
274 28 1006 195 1209 354 0
275 28 1004 195 1226 366 0
276 28 997 196 1240 373 0
277 28 990 197 1240 373 0
278 28 982 198 1240 373 0
279 28 974 199 1240 373 0
280 28 977 200 1240 373 0
280 29 887 190 943 231 0
281 28 980 201 1240 373 0
281 29 869 189 926 231 0
282 28 984 203 1240 373 0
282 29 851 189 909 231 0
283 28 989 204 1240 373 0
283 29 833 188 891 231 0
284 28 994 206 1240 373 0
284 29 818 188 878 231 0
285 28 1001 208 1240 373 0
285 29 802 187 864 231 0
286 28 1025 211 1240 373 0
286 29 786 187 849 232 0
287 28 1055 215 1240 373 0
287 29 769 187 834 232 0
288 29 752 186 819 233 0
289 29 734 186 802 233 0
290 29 722 186 791 234 0
291 29 710 185 782 235 0
292 29 698 185 773 236 0
293 29 691 184 765 237 0
294 29 681 185 762 239 0
295 29 677 185 760 242 0
296 29 676 184 762 243 0
297 29 674 183 764 244 0
298 29 675 181 770 244 0
299 29 676 179 776 244 0
300 29 679 180 784 248 0
301 29 682 180 794 253 0
302 29 685 181 804 258 0
303 29 688 182 816 263 0
304 29 693 182 830 269 0
305 29 698 182 845 275 0
306 29 703 183 863 282 0
307 29 709 184 883 290 0
308 29 716 184 907 300 0
309 29 724 185 935 311 0
310 29 733 186 968 324 0
311 29 742 186 1008 341 0
312 29 751 187 1054 359 0
313 29 762 188 1113 373 0
314 29 774 189 1188 373 0
315 29 788 190 1240 373 0
316 29 805 191 1240 373 0
317 29 825 192 1240 373 0
318 29 850 194 1240 373 0
319 29 880 196 1240 373 0
320 29 920 199 1240 373 0
321 29 970 202 1240 373 0
340 30 1137 214 1224 256 0
340 31 1162 176 1240 248 0
340 33 1121 181 1187 213 0
341 30 1116 214 1200 256 0
341 31 1138 176 1240 248 0
341 33 1090 179 1154 211 0
342 30 1094 213 1176 256 0
342 31 1116 176 1225 249 0
342 33 1060 178 1122 209 0
343 30 1072 213 1152 256 0
343 31 1094 176 1199 249 0
343 33 1029 177 1089 208 0
344 30 1052 209 1129 252 0
344 31 1070 176 1173 250 0
344 33 998 177 1057 208 0
345 30 1033 212 1109 257 0
345 31 1047 176 1147 251 0
345 33 969 177 1029 208 0
346 30 1011 212 1088 257 0
346 31 1023 176 1120 251 0
346 33 943 177 999 208 0
347 30 993 213 1069 261 0
347 31 1000 172 1096 247 0
347 33 916 177 969 208 0
348 30 974 216 1050 266 0
348 31 979 174 1073 251 0
348 33 889 177 939 208 0
349 30 958 219 1032 271 0
349 31 958 175 1049 253 0
349 33 864 177 913 207 0
350 30 945 216 1017 269 0
350 31 939 171 1030 252 0
350 33 838 177 888 207 0
351 30 929 219 1003 274 0
351 31 921 173 1010 255 0
351 33 814 176 863 207 0
352 30 914 217 991 273 0
352 31 904 168 991 253 0
352 33 790 175 838 206 0
353 30 902 223 981 283 0
353 31 888 171 976 257 0
353 33 770 175 817 206 0
354 30 890 221 973 284 0
354 31 874 173 965 262 0
354 33 749 175 796 206 0
355 30 878 223 969 290 0
355 31 860 169 954 262 0
355 33 728 175 774 207 0
356 30 866 227 964 298 0
356 31 851 170 948 266 0
356 33 709 176 756 208 0
357 30 859 229 966 305 0
357 31 840 171 941 271 0
357 33 690 176 737 209 0
358 30 852 232 970 314 0
358 31 830 171 935 276 0
358 33 674 177 722 211 0
359 30 852 237 983 327 0
359 31 825 172 937 284 0
359 33 657 178 707 213 0
360 30 852 243 1000 343 0
360 31 817 178 938 296 0
360 33 641 180 692 215 0
360 34 789 178 821 208 0
360 35 692 180 725 203 0
361 30 852 250 1019 362 0
361 31 813 179 947 307 0
361 33 625 182 677 218 0
361 34 777 181 809 212 0
361 35 678 182 710 205 0
362 30 853 258 1042 373 0
362 31 809 181 957 319 0
362 33 612 183 666 220 0
362 34 765 181 798 212 0
362 35 663 184 696 207 0
363 30 860 267 1085 373 0
363 31 804 182 969 334 0
363 33 599 183 653 222 0
363 34 753 181 786 213 0
363 35 652 183 685 207 0
364 30 878 275 1149 373 0
364 31 809 183 996 348 0
364 33 591 183 646 222 0
364 34 746 180 780 213 0
364 35 640 182 674 206 0
365 30 901 287 1240 373 0
365 31 815 183 1029 366 0
365 33 582 182 638 222 0
365 34 739 180 774 213 0
365 35 634 181 669 206 0
366 30 935 301 1240 373 0
366 31 822 183 1070 373 0
366 33 573 181 629 223 0
366 34 736 180 771 213 0
366 35 628 180 663 205 0
367 30 982 323 1240 373 0
367 31 830 184 1122 373 0
367 33 563 180 621 223 0
367 34 732 179 768 213 0
367 35 622 179 658 205 0
368 30 1051 354 1240 373 0
368 31 844 184 1202 373 0
368 33 555 181 612 225 0
368 34 729 178 765 213 0
368 35 616 178 652 204 0
369 31 861 185 1240 373 0
369 33 548 179 608 225 0
369 34 725 178 762 213 0
369 35 609 177 646 204 0
370 31 881 186 1240 373 0
370 32 820 199 953 318 0
370 33 539 177 600 224 0
370 34 718 177 756 213 0
370 35 601 177 639 204 0
371 31 907 186 1240 373 0
371 32 829 200 980 332 0
371 33 528 175 592 224 0
371 34 710 177 751 214 0
371 35 592 176 631 204 0
372 31 941 188 1240 373 0
372 32 840 202 1013 348 0
372 33 514 174 582 225 0
372 34 702 176 745 214 0
372 35 583 176 622 204 0
373 31 985 189 1240 373 0
373 32 852 204 1053 368 0
373 33 500 174 571 227 0
373 34 694 175 739 214 0
373 35 573 175 614 204 0
374 32 868 209 1107 373 0
374 33 486 175 560 230 0
374 34 686 174 732 214 0
374 35 562 177 605 206 0
375 32 888 215 1179 373 0
375 33 470 177 550 235 0
375 34 679 176 727 217 0
375 35 551 179 595 209 0
376 32 914 222 1240 373 0
376 33 453 181 538 242 0
376 34 672 178 721 220 0
376 35 540 180 585 211 0
377 32 946 232 1240 373 0
377 33 437 180 527 245 0
377 34 665 179 715 223 0
377 35 528 181 574 213 0
378 32 991 245 1240 373 0
378 33 419 180 515 248 0
378 34 658 177 710 222 0
378 35 518 179 567 212 0
379 32 1067 261 1240 373 0
379 33 400 180 502 251 0
379 34 652 174 704 220 0
379 35 509 176 559 210 0
380 33 382 180 493 256 0
380 34 644 171 699 219 0
380 35 501 176 552 210 0
380 36 631 177 676 210 0
381 33 362 180 483 262 0
381 34 643 172 700 221 0
381 35 492 175 545 211 0
381 36 628 177 675 212 0
382 33 340 180 472 268 0
382 34 641 172 701 224 0
382 35 487 176 541 212 0
382 36 625 177 674 213 0
383 33 320 182 465 278 0
383 34 640 173 702 227 0
383 35 481 177 537 214 0
383 36 622 178 673 215 0
384 33 297 185 458 290 0
384 34 638 174 703 230 0
384 35 478 179 535 218 0
384 36 623 181 675 219 0
385 33 270 189 449 304 0
385 34 640 178 710 235 0
385 35 474 182 532 222 0
385 36 624 183 677 223 0
386 33 238 192 439 320 0
386 34 643 181 718 241 0
386 35 470 185 530 227 0
386 36 627 183 682 224 0
387 33 204 192 430 333 0
387 34 647 180 726 243 0
387 35 469 184 530 227 0
387 36 630 183 687 225 0
388 33 163 191 419 348 0
388 34 651 177 734 243 0
388 35 467 183 530 228 0
388 36 633 183 693 227 0
389 33 110 190 406 368 0
389 34 656 175 744 245 0
389 35 465 182 531 228 0
389 36 637 183 699 228 0
390 33 37 191 394 373 0
390 34 661 175 754 248 0
390 35 462 181 531 229 0
390 36 641 183 705 230 0
391 33 2 192 379 373 0
391 34 667 175 766 253 0
391 35 460 182 532 231 0
391 36 645 182 712 231 0
392 33 2 194 361 373 0
392 34 675 175 781 257 0
392 35 458 182 533 234 0
392 36 650 182 719 233 0
393 33 2 196 339 373 0
393 34 682 176 795 263 0
393 35 455 182 533 237 0
393 36 655 182 727 235 0
394 33 2 198 311 373 0
394 34 689 176 811 269 0
394 35 452 183 534 240 0
394 36 660 182 736 237 0
395 33 2 201 275 373 0
395 34 698 176 829 277 0
395 35 447 184 534 243 0
395 36 665 181 745 239 0
396 33 2 205 213 373 0
396 34 707 176 850 285 0
396 35 442 184 534 247 0
396 36 671 181 755 242 0
397 34 718 176 876 295 0
397 35 435 185 533 251 0
397 36 678 181 767 245 0
398 34 730 177 906 307 0
398 35 428 185 533 256 0
398 36 683 182 778 250 0
399 34 740 177 940 322 0
399 35 420 186 532 261 0
399 36 688 183 790 255 0
400 34 752 178 982 341 0
400 35 411 187 532 267 0
400 36 694 185 804 262 0
400 37 468 180 545 237 0
400 38 672 182 747 238 0
400 39 523 181 564 217 0
400 40 663 181 702 211 0
400 44 646 170 668 196 0
401 34 765 179 1037 365 0
401 35 398 186 528 271 0
401 36 701 187 819 269 0
401 37 461 180 542 239 0
401 38 674 183 754 241 0
401 39 520 180 563 218 0
401 40 664 180 704 211 0
401 44 646 168 669 195 0
402 34 781 180 1110 373 0
402 35 383 184 524 275 0
402 36 705 187 833 276 0
402 37 453 180 538 242 0
402 38 677 183 762 245 0
402 39 517 179 562 218 0
402 40 665 180 707 212 0
402 44 646 167 670 194 0
403 34 799 180 1210 373 0
403 35 366 183 520 281 0
403 36 711 188 850 283 0
403 37 444 179 534 244 0
403 38 681 184 771 249 0
403 39 513 179 560 219 0
403 40 667 180 710 213 0
403 44 647 166 671 193 0
404 34 821 178 1240 373 0
404 35 343 184 514 290 0
404 36 716 188 869 292 0
404 37 434 179 530 247 0
404 38 683 184 780 253 0
404 39 508 178 557 220 0
404 40 668 180 713 214 0
404 44 646 167 670 195 0
405 34 849 184 1240 373 0
405 35 315 185 507 302 0
405 36 723 189 891 303 0
405 37 424 178 526 251 0
405 38 686 185 790 258 0
405 39 503 178 554 221 0
405 40 668 181 715 216 0
405 44 644 167 669 196 0
406 34 886 192 1240 373 0
406 35 281 186 500 316 0
406 36 731 190 919 316 0
406 37 412 178 520 254 0
406 38 690 186 801 264 0
406 39 497 178 551 223 0
406 40 669 182 717 218 0
406 44 644 167 669 196 0
407 34 936 194 1240 373 0
407 35 240 187 491 334 0
407 36 739 191 952 331 0
407 37 398 177 515 258 0
407 38 693 187 814 271 0
407 39 491 177 548 224 0
407 40 669 182 719 220 0
407 44 644 166 670 195 0
408 34 1008 188 1240 373 0
408 35 191 187 482 353 0
408 36 750 192 994 350 0
408 37 383 176 509 263 0
408 38 697 188 828 278 0
408 39 485 177 544 225 0
408 40 670 182 722 220 0
408 44 644 165 670 195 0
409 34 1122 194 1240 373 0
409 35 128 187 470 373 0
409 36 762 194 1050 373 0
409 37 365 175 502 269 0
409 38 701 189 845 288 0
409 39 478 176 540 227 0
409 40 671 181 725 221 0
409 44 644 164 670 194 0
410 35 42 187 457 373 0
410 36 777 198 1126 373 0
410 37 345 175 495 276 0
410 38 706 191 864 298 0
410 39 470 175 536 228 0
410 40 672 181 728 222 0
410 42 651 175 679 200 0
410 44 643 163 670 194 0
411 35 2 187 441 373 0
411 36 796 202 1235 373 0
411 37 321 175 487 285 0
411 38 711 193 887 311 0
411 39 464 174 533 230 0
411 40 673 180 732 223 0
411 42 651 175 679 200 0
411 44 643 162 671 194 0
412 35 2 186 421 373 0
412 36 819 205 1240 373 0
412 37 292 175 478 295 0
412 38 718 193 917 324 0
412 39 456 173 529 232 0
412 40 674 179 736 224 0
412 42 651 175 679 200 0
412 44 642 162 670 193 0
413 35 2 186 396 373 0
413 36 849 210 1240 373 0
413 37 257 174 467 308 0
413 38 726 194 953 341 0
413 39 448 172 525 234 0
413 40 675 179 740 225 0
413 42 651 174 680 200 0
413 44 641 161 670 193 0
414 35 2 186 364 373 0
414 36 890 210 1240 373 0
414 37 214 174 455 323 0
414 38 735 195 1000 362 0
414 39 439 171 521 236 0
414 40 676 178 744 226 0
414 42 651 173 681 199 0
414 44 642 159 670 192 0
415 35 2 186 320 373 0
415 36 949 216 1240 373 0
415 37 163 174 442 343 0
415 38 746 196 1060 373 0
415 39 429 170 516 238 0
415 40 678 176 750 227 0
415 42 651 171 682 199 0
415 44 642 157 671 190 0
416 35 2 187 256 373 0
416 37 97 174 428 369 0
416 38 759 198 1143 373 0
416 39 418 172 511 244 0
416 40 680 175 755 228 0
416 42 652 170 683 198 0
416 44 641 156 671 190 0
417 37 8 174 410 373 0
417 38 774 200 1240 373 0
417 39 405 174 505 251 0
417 40 682 179 762 235 0
417 42 652 173 684 202 0
417 44 641 158 672 192 0
418 37 2 174 388 373 0
418 38 791 203 1240 373 0
418 39 390 177 499 259 0
418 40 685 183 770 243 0
418 42 652 176 685 205 0
418 44 640 160 673 195 0
419 37 2 174 360 373 0
419 38 813 207 1240 373 0
419 39 373 180 493 268 0
419 40 689 184 779 247 0
419 42 653 176 687 206 0
419 44 640 162 673 198 0
420 37 2 174 324 373 0
420 38 842 212 1240 373 0
420 39 356 180 486 275 0
420 40 692 185 789 251 0
420 41 452 178 532 234 0
420 42 654 177 689 208 0
420 44 639 164 674 201 0
421 37 2 174 276 373 0
421 38 881 219 1240 373 0
421 39 336 181 479 284 0
421 40 697 185 801 256 0
421 41 445 179 530 238 0
421 42 655 178 691 209 0
421 44 640 164 676 201 0
422 37 2 174 208 373 0
422 38 937 227 1240 373 0
422 39 312 181 471 294 0
422 40 701 186 814 262 0
422 41 437 180 527 242 0
422 42 656 178 693 210 0
422 44 641 164 677 202 0
423 39 283 182 462 306 0
423 40 706 187 828 268 0
423 41 427 180 523 246 0
423 42 658 179 696 212 0
423 44 642 163 679 202 0
424 39 246 183 451 322 0
424 40 712 188 845 276 0
424 41 417 181 519 251 0
424 42 659 179 699 213 0
424 44 644 163 682 203 0
425 39 201 184 438 342 0
425 40 718 189 865 285 0
425 41 405 182 515 256 0
425 42 661 180 702 215 0
425 44 645 163 684 203 0
426 39 141 186 423 367 0
426 40 725 191 887 296 0
426 41 391 183 511 263 0
426 42 663 180 706 216 0
426 44 645 164 685 205 0
427 39 62 188 405 373 0
427 40 733 193 914 308 0
427 41 375 185 506 271 0
427 42 665 181 709 218 0
427 44 646 165 687 207 0
428 39 2 190 383 373 0
428 40 742 196 947 324 0
428 41 357 186 500 280 0
428 42 666 182 711 221 0
428 44 647 166 688 209 0
429 39 2 193 355 373 0
429 40 752 198 987 343 0
429 41 335 188 494 291 0
429 42 666 184 714 224 0
429 44 648 167 690 211 0
430 39 2 197 318 373 0
430 40 764 201 1038 368 0
430 41 309 191 487 304 0
430 42 669 184 718 226 0
430 44 647 166 691 211 0
430 45 551 179 576 204 0
431 39 2 200 269 373 0
431 40 778 205 1104 373 0
431 41 279 190 480 314 0
431 42 670 184 722 226 0
431 44 648 165 693 211 0
431 45 550 178 575 203 0
432 39 2 205 199 373 0
432 40 794 207 1191 373 0
432 41 243 189 471 327 0
432 42 672 183 725 227 0
432 44 649 164 695 211 0
432 45 549 177 574 203 0
433 40 813 210 1240 373 0
433 41 197 190 459 346 0
433 42 673 182 729 228 0
433 44 650 163 697 211 0
433 45 548 176 574 202 0
434 40 836 213 1240 373 0
434 41 137 192 446 372 0
434 42 675 182 733 229 0
434 44 651 161 699 211 0
434 45 547 175 574 202 0
435 40 865 217 1240 373 0
435 41 57 194 430 373 0
435 42 676 181 737 230 0
435 44 653 160 702 211 0
435 45 545 175 572 202 0
436 40 904 222 1240 373 0
436 41 2 196 411 373 0
436 42 678 180 741 231 0
436 44 653 161 703 213 0
436 45 543 175 571 203 0
437 40 955 229 1240 373 0
437 41 2 199 387 373 0
437 42 679 181 746 234 0
437 44 652 162 705 215 0
437 45 541 175 569 204 0
438 40 1032 240 1240 373 0
438 41 2 203 356 373 0
438 42 681 182 751 238 0
438 44 652 162 707 217 0
438 45 538 177 568 206 0
439 41 2 208 316 373 0
439 42 682 184 756 242 0
439 44 652 163 708 220 0
439 45 536 178 566 208 0
440 41 2 213 258 373 0
440 42 684 185 761 246 0
440 43 668 184 731 234 0
440 44 651 164 709 222 0
440 45 533 179 564 210 0
441 41 2 221 173 373 0
441 42 686 187 768 251 0
441 43 669 183 736 235 0
441 44 651 163 711 222 0
441 45 530 180 562 212 0
442 42 689 186 776 253 0
442 43 671 182 740 235 0
442 44 652 161 713 223 0
442 45 527 182 560 214 0
443 42 692 185 785 256 0
443 43 672 181 745 236 0
443 44 652 159 715 223 0
443 45 525 181 558 214 0
444 42 696 184 795 259 0
444 43 674 180 750 237 0
444 44 653 158 717 223 0
444 45 522 180 557 214 0
445 42 700 184 806 263 0
445 43 676 179 756 239 0
445 44 653 156 720 223 0
445 45 520 178 555 213 0
446 42 705 184 819 269 0
446 43 679 179 763 242 0
446 44 654 154 722 224 0
446 45 517 177 554 213 0
447 42 710 184 834 275 0
447 43 681 179 770 245 0
447 44 656 153 727 226 0
447 45 514 178 552 215 0
448 42 716 184 851 282 0
448 43 684 179 779 248 0
448 44 657 153 732 229 0
448 45 512 178 551 217 0
449 42 722 184 871 290 0
449 43 688 180 788 252 0
449 44 659 153 738 231 0
449 45 509 179 550 219 0
450 42 731 186 897 302 0
450 43 691 180 798 257 0
450 44 660 152 744 234 0
450 45 506 180 548 221 0
451 42 740 187 927 316 0
451 43 695 180 810 262 0
451 44 662 152 751 238 0
451 45 503 181 546 223 0
452 42 751 189 965 334 0
452 43 700 181 825 268 0
452 44 664 152 758 241 0
452 45 499 181 545 226 0
453 42 764 191 1013 356 0
453 43 706 181 842 276 0
453 44 666 151 766 245 0
453 45 496 181 543 226 0
454 42 779 194 1075 373 0
454 43 713 182 862 284 0
454 44 669 148 775 247 0
454 45 491 180 541 227 0
455 42 797 195 1159 373 0
455 43 720 182 885 294 0
455 44 672 145 785 249 0
455 45 487 178 539 227 0
456 42 818 197 1240 373 0
456 43 729 183 914 307 0
456 44 676 144 796 254 0
456 45 482 177 537 228 0
457 42 846 200 1240 373 0
457 43 739 184 948 322 0
457 44 680 143 807 259 0
457 45 477 176 535 229 0
458 42 882 204 1240 373 0
458 43 750 185 988 339 0
458 44 684 141 821 266 0
458 45 472 176 532 232 0
459 42 930 208 1240 373 0
459 43 763 186 1039 362 0
459 44 689 139 836 273 0
459 45 466 177 530 235 0
460 42 1004 215 1240 373 0
460 43 778 188 1106 373 0
460 44 695 137 854 281 0
460 45 460 178 528 239 0
460 46 669 182 727 226 0
460 47 512 178 554 209 0
460 48 537 175 568 203 0
460 49 646 177 681 205 0
461 43 796 190 1198 373 0
461 44 699 134 874 290 0
461 45 451 177 524 242 0
461 46 672 183 732 228 0
461 47 509 178 553 209 0
461 48 536 174 568 204 0
461 49 647 178 683 207 0
462 43 819 192 1240 373 0
462 44 704 131 897 300 0
462 45 443 176 520 244 0
462 46 673 182 736 229 0
462 47 506 177 551 210 0
462 48 534 174 567 204 0
462 49 647 177 685 206 0
463 43 847 193 1240 373 0
463 44 710 127 925 312 0
463 45 432 175 516 247 0
463 46 675 181 740 230 0
463 47 502 177 549 211 0
463 48 532 172 565 203 0
463 49 648 176 686 206 0
464 43 883 194 1240 373 0
464 44 716 122 959 327 0
464 45 421 175 512 252 0
464 46 677 180 745 230 0
464 47 498 177 547 212 0
464 48 529 171 564 202 0
464 49 648 175 688 206 0
465 43 933 195 1240 373 0
465 44 723 116 1001 346 0
465 45 409 174 506 257 0
465 46 679 178 750 231 0
465 47 493 176 544 213 0
465 48 526 169 562 201 0
465 49 649 175 690 206 0
466 43 1006 197 1240 373 0
466 44 731 108 1054 370 0
466 45 394 174 501 263 0
466 46 681 179 757 234 0
466 47 489 176 542 214 0
466 48 524 170 561 203 0
466 49 649 174 692 207 0
467 44 741 96 1126 373 0
467 45 378 174 494 270 0
467 46 683 179 763 238 0
467 47 484 176 539 215 0
467 48 521 171 559 205 0
467 49 650 174 694 207 0
468 44 753 78 1226 373 0
468 45 358 174 487 279 0
468 46 685 180 771 241 0
468 47 478 175 537 216 0
468 48 518 170 558 205 0
468 49 651 173 696 208 0
469 44 766 52 1240 373 0
469 45 334 175 479 289 0
469 46 692 181 785 246 0
469 47 473 174 534 217 0
469 48 515 169 556 205 0
469 49 651 173 698 208 0
470 44 783 11 1240 373 0
470 45 306 176 469 301 0
470 46 695 182 795 251 0
470 47 467 175 530 219 0
470 48 512 168 554 205 0
470 49 652 173 700 209 0
471 44 804 2 1240 373 0
471 45 271 177 457 316 0
471 46 699 183 806 257 0
471 47 460 176 527 222 0
471 48 508 169 551 207 0
471 49 652 174 702 211 0
472 44 830 2 1240 373 0
472 45 228 178 444 335 0
472 46 703 184 819 264 0
472 47 452 177 523 225 0
472 48 503 170 549 209 0
472 49 653 175 704 214 0
473 44 865 2 1240 373 0
473 45 173 180 429 359 0
473 46 707 185 834 271 0
473 47 444 180 519 231 0
473 48 499 171 546 212 0
473 49 653 176 706 216 0
474 44 913 2 1240 373 0
474 45 99 181 411 373 0
474 46 712 187 851 280 0
474 47 435 182 515 235 0
474 48 494 172 543 214 0
474 49 653 177 708 219 0
475 44 979 2 1240 373 0
475 45 2 182 390 373 0
475 46 717 189 871 291 0
475 47 426 183 511 239 0
475 48 488 174 540 217 0
475 49 653 179 710 222 0
476 45 2 184 363 373 0
476 46 724 189 895 301 0
476 47 416 183 506 243 0
476 48 484 173 537 219 0
476 49 652 180 712 225 0
477 45 2 185 329 373 0
477 46 732 190 924 314 0
477 47 404 184 501 248 0
477 48 479 173 534 220 0
477 49 654 180 716 227 0
478 45 2 188 284 373 0
478 46 741 191 959 329 0
478 47 391 185 495 253 0
478 48 474 173 532 222 0
478 49 656 180 721 229 0
479 45 2 191 221 373 0
479 46 751 192 1004 349 0
479 47 375 186 489 259 0
479 48 469 173 529 224 0
479 49 658 180 726 231 0
480 45 2 193 130 373 0
480 46 763 193 1062 373 0
480 47 359 187 484 265 0
480 48 463 173 526 226 0
480 49 660 180 732 233 0
480 50 506 175 551 211 0
480 53 533 177 564 202 0
481 46 778 194 1140 373 0
481 47 339 188 477 273 0
481 48 457 173 523 229 0
481 49 663 180 738 235 0
481 50 503 175 550 212 0
481 53 531 177 563 203 0
482 46 798 196 1240 373 0
482 47 317 189 470 281 0
482 48 450 173 519 231 0
482 49 665 181 745 238 0
482 50 499 175 548 213 0
482 53 530 177 562 203 0
483 46 822 198 1240 373 0
483 47 290 190 463 292 0
483 48 442 173 516 234 0
483 49 666 181 750 241 0
483 50 496 175 546 215 0
483 53 528 177 561 204 0
484 46 853 201 1240 373 0
484 47 258 192 454 304 0
484 48 434 173 512 237 0
484 49 666 181 755 244 0
484 50 492 175 544 216 0
484 53 526 177 560 205 0
485 46 894 204 1240 373 0
485 47 219 193 443 319 0
485 48 424 173 507 241 0
485 49 666 181 761 248 0
485 50 488 175 543 217 0
485 53 524 177 559 205 0
486 46 951 209 1240 373 0
486 47 170 195 432 338 0
486 48 414 174 503 245 0
486 49 669 181 770 251 0
486 50 483 175 540 219 0
486 53 522 177 557 206 0
487 46 1046 217 1240 373 0
487 47 105 196 416 361 0
487 48 402 174 498 250 0
487 49 672 181 780 255 0
487 50 479 175 538 221 0
487 53 520 177 556 207 0
488 47 17 198 398 373 0
488 48 388 175 493 255 0
488 49 676 180 791 260 0
488 50 474 175 536 222 0
488 53 517 178 555 208 0
489 47 2 200 378 373 0
489 48 373 175 487 261 0
489 49 679 180 804 265 0
489 50 468 175 534 225 0
489 53 515 178 554 209 0
490 47 2 203 353 373 0
490 48 355 176 481 268 0
490 49 683 181 818 272 0
490 50 463 175 531 227 0
490 51 661 184 727 231 0
490 52 643 181 684 214 0
490 53 512 178 552 210 0
491 47 2 206 322 373 0
491 48 335 176 474 276 0
491 49 688 182 835 281 0
491 50 456 176 528 229 0
491 51 663 185 732 234 0
491 52 644 181 687 215 0
491 53 510 178 551 211 0
492 47 2 210 283 373 0
492 48 311 177 466 286 0
492 49 693 183 854 290 0
492 50 449 176 525 232 0
492 51 666 186 738 237 0
492 52 645 181 689 216 0
492 53 507 178 549 212 0
493 47 2 216 230 373 0
493 48 283 178 457 297 0
493 49 699 184 877 302 0
493 50 441 176 522 235 0
493 51 668 186 744 240 0
493 52 646 181 692 217 0
493 53 504 178 548 213 0
494 47 2 223 154 373 0
494 48 250 179 446 310 0
494 49 705 185 904 314 0
494 50 433 176 519 238 0
494 51 670 186 751 243 0
494 52 647 181 694 218 0
494 53 501 178 546 214 0
495 48 211 180 435 325 0
495 49 712 185 936 329 0
495 50 423 176 516 241 0
495 51 673 186 758 246 0
495 52 649 182 697 220 0
495 53 497 178 544 215 0
496 48 161 181 421 345 0
496 49 720 186 977 347 0
496 50 413 176 512 245 0
496 51 676 186 766 249 0
496 52 650 182 701 221 0
496 53 494 178 543 217 0
497 48 96 181 405 371 0
497 49 730 186 1028 371 0
497 50 401 177 508 249 0
497 51 677 185 772 251 0
497 52 651 182 704 223 0
497 53 490 179 541 218 0
498 48 9 182 385 373 0
498 49 741 187 1097 373 0
498 50 389 177 503 254 0
498 51 678 185 779 254 0
498 52 653 182 707 224 0
498 53 486 179 539 220 0
499 48 2 184 361 373 0
499 49 755 188 1192 373 0
499 50 376 178 498 260 0
499 51 682 187 791 261 0
499 52 654 182 711 226 0
499 53 481 179 536 221 0
500 48 2 185 332 373 0
500 49 772 189 1240 373 0
500 50 362 179 493 267 0
500 51 687 189 804 268 0
500 52 656 182 715 228 0
500 53 476 179 534 223 0
501 48 2 187 293 373 0
501 49 792 190 1240 373 0
501 50 345 180 487 274 0
501 51 692 191 819 277 0
501 52 658 182 720 230 0
501 53 472 177 532 222 0
502 48 2 190 243 373 0
502 49 819 191 1240 373 0
502 50 325 177 481 277 0
502 51 696 187 834 278 0
502 52 659 180 724 229 0
502 53 468 175 531 221 0
503 48 2 192 180 373 0
503 49 854 193 1240 373 0
503 50 303 172 473 281 0
503 51 702 187 854 287 0
503 52 659 177 728 228 0
503 53 463 173 528 222 0
504 49 903 196 1240 373 0
504 50 275 176 466 295 0
504 51 709 188 878 297 0
504 52 660 174 732 227 0
504 53 457 172 525 223 0
505 49 976 200 1240 373 0
505 50 242 180 457 311 0
505 51 717 189 906 309 0
505 52 663 177 740 233 0
505 53 452 175 523 228 0
506 49 1093 206 1240 373 0
506 50 202 180 448 327 0
506 51 727 190 942 324 0
506 52 666 181 748 239 0
506 53 447 176 521 232 0
507 50 152 181 438 346 0
507 51 738 190 987 343 0
507 52 668 178 754 239 0
507 53 440 175 519 233 0
508 50 87 181 425 371 0
508 51 751 192 1045 367 0
508 52 672 182 763 246 0
508 53 434 178 517 239 0
509 50 3 182 409 373 0
509 51 766 193 1119 373 0
509 52 677 185 774 254 0
509 53 426 181 514 245 0
510 50 2 182 390 373 0
510 51 783 196 1222 373 0
510 52 681 190 785 264 0
510 53 418 184 511 252 0
510 54 665 187 731 236 0
510 55 653 184 708 226 0
511 50 2 183 367 373 0
511 51 805 199 1240 373 0
511 52 685 189 796 267 0
511 53 409 187 507 260 0
511 54 667 184 736 236 0
511 55 655 182 712 224 0
512 50 2 184 338 373 0
512 51 832 202 1240 373 0
512 52 690 185 809 267 0
512 53 396 183 504 260 0
512 54 669 182 742 235 0
512 55 658 179 717 222 0
513 50 2 184 301 373 0
513 51 867 207 1240 373 0
513 52 694 183 824 270 0
513 53 381 182 501 263 0
513 54 672 179 748 234 0
513 55 659 176 719 221 0
514 50 2 186 252 373 0
514 51 914 213 1240 373 0
514 52 699 181 841 274 0
514 53 365 182 494 268 0
514 54 674 177 754 235 0
514 55 660 172 722 219 0
515 50 2 187 182 373 0
515 51 983 222 1240 373 0
515 52 704 182 859 283 0
515 53 347 184 487 277 0
515 54 676 175 761 235 0
515 55 662 171 726 220 0
516 52 710 184 881 294 0
516 53 327 186 480 287 0
516 54 678 179 768 242 0
516 55 663 173 730 224 0
517 52 715 186 906 308 0
517 53 303 189 472 299 0
517 54 680 182 775 250 0
517 55 664 176 734 229 0
518 52 722 188 937 324 0
518 53 275 192 463 314 0
518 54 681 186 782 259 0
518 55 665 179 738 234 0
519 52 729 190 974 345 0
519 53 240 193 452 328 0
519 54 685 186 793 263 0
519 55 666 181 743 239 0
520 52 738 193 1022 371 0
520 53 198 195 440 345 0
520 54 688 186 804 268 0
520 55 667 181 749 241 0
520 56 710 173 813 210 1
521 52 748 194 1077 373 0
521 53 145 196 425 366 0
521 54 692 186 817 273 0
521 55 669 180 755 243 0
521 56 700 171 805 210 1
522 52 759 194 1150 373 0
522 53 85 197 411 373 0
522 54 697 186 832 279 0
522 55 671 179 762 245 0
522 56 689 170 798 210 1
523 52 772 195 1240 373 0
523 53 7 198 394 373 0
523 54 702 186 850 286 0
523 55 673 178 770 247 0
523 56 678 168 790 210 1
524 52 788 195 1240 373 0
524 53 2 199 374 373 0
524 54 707 186 870 295 0
524 55 676 176 778 249 0
524 56 668 167 782 211 1
525 52 808 196 1240 373 0
525 53 2 200 350 373 0
525 54 714 186 893 305 0
525 55 678 176 788 254 0
525 56 657 167 774 211 1
526 52 832 197 1240 373 0
526 53 2 202 320 373 0
526 54 720 186 919 315 0
526 55 681 176 799 258 0
526 56 646 165 766 212 1
527 52 863 198 1240 373 0
527 53 2 204 283 373 0
527 54 727 186 949 328 0
527 55 684 176 811 264 0
527 56 634 164 756 213 1
528 52 904 200 1240 373 0
528 53 2 208 238 373 0
528 54 735 185 985 343 0
528 55 689 175 825 268 0
528 56 624 164 750 216 1
529 52 960 202 1240 373 0
529 53 2 212 179 373 0
529 54 745 185 1030 361 0
529 55 694 174 839 272 0
529 56 613 165 744 218 1
530 52 1027 206 1240 373 0
530 54 756 185 1088 373 0
530 55 698 175 854 279 0
530 56 602 165 736 221 1
531 54 764 187 1142 373 0
531 55 701 176 870 287 0
531 56 589 165 729 224 1
532 54 774 188 1209 373 0
532 55 706 178 888 297 0
532 56 577 166 721 228 1
533 54 785 190 1240 373 0
533 55 710 179 910 307 0
533 56 564 167 713 232 1
534 54 798 192 1240 373 0
534 55 714 181 928 317 0
534 56 549 168 705 236 1
535 54 813 194 1240 373 0
535 55 718 182 949 329 0
535 56 539 170 699 242 1
536 54 831 197 1240 373 0
536 55 722 184 972 342 0
536 56 529 173 692 249 1
537 54 853 200 1240 373 0
537 55 727 185 999 357 0
537 56 517 176 685 257 1
538 54 880 205 1240 373 0
538 55 732 187 1030 373 0
538 56 505 179 678 265 1
539 54 911 207 1240 373 0
539 55 737 189 1068 373 0
539 56 495 179 675 269 1
540 54 951 211 1240 373 0
540 55 743 190 1108 373 0
540 56 484 178 672 273 1
541 55 750 190 1157 373 0
541 56 472 178 668 278 1
542 55 757 191 1216 373 0
542 56 458 177 665 284 1
543 55 765 192 1240 373 0
543 56 443 177 661 290 1
544 55 774 193 1240 373 0
544 56 426 178 656 299 1
545 55 784 194 1240 373 0
545 56 407 179 651 309 1
546 55 796 195 1240 373 0
546 56 385 180 645 321 1
547 55 810 196 1240 373 0
547 56 359 181 638 334 1
548 55 826 197 1240 373 0
548 56 330 182 631 351 1
549 55 845 199 1240 373 0
549 56 296 182 622 368 1
550 55 855 201 1240 373 0
550 56 255 182 611 373 1
551 55 867 203 1240 373 0
551 56 204 182 600 373 1
552 55 882 205 1240 373 0
552 56 139 181 586 373 1
553 55 900 208 1240 373 0
553 56 54 181 570 373 1
554 55 924 212 1240 373 0
554 56 2 182 555 373 1
555 56 2 183 538 373 1
556 56 2 183 518 373 1
557 56 2 185 495 373 1
558 56 2 186 466 373 1
559 56 2 188 431 373 1
560 56 2 187 393 373 1
561 56 2 187 345 373 1
562 56 2 187 280 373 1
563 56 2 187 190 373 1
610 57 152 196 188 225 1
611 57 199 197 234 226 1
612 57 237 193 272 222 1
613 57 275 189 310 218 1
614 57 307 188 343 217 1
615 57 340 186 376 215 1
616 57 368 184 406 214 1
617 57 397 183 436 212 1
618 57 426 181 466 211 1
619 57 452 178 494 209 1
620 57 474 179 516 210 1
620 59 691 168 702 198 0
621 57 491 179 537 211 1
621 59 712 168 724 198 0
622 57 505 178 551 212 1
622 59 734 167 747 198 0
623 57 516 177 563 212 1
623 59 751 166 763 197 0
624 57 522 177 571 213 1
624 59 763 166 776 198 0
625 57 526 176 575 214 1
625 59 776 167 789 199 0
626 57 524 177 579 217 1
626 59 783 167 797 200 0
627 57 523 176 581 218 1
627 59 790 167 804 200 0
628 57 518 177 579 221 1
628 59 797 167 811 201 0
629 57 513 178 578 224 1
629 59 803 167 818 202 0
630 57 507 179 576 227 1
630 58 585 174 618 202 1
630 59 807 167 822 202 0
631 57 500 180 574 231 1
631 58 584 175 619 203 1
631 59 812 167 827 203 0
632 57 493 180 572 236 1
632 58 583 175 620 204 1
632 59 818 166 833 203 0
633 57 484 181 568 241 1
633 58 582 175 621 206 1
633 59 824 166 839 203 0
634 57 474 182 565 247 1
634 58 580 176 621 207 1
634 59 829 165 845 203 0
635 57 463 183 561 253 1
635 58 578 176 620 209 1
635 59 835 164 852 203 0
636 57 449 184 556 261 1
636 58 576 176 619 211 1
636 59 841 163 858 203 0
637 57 432 186 550 271 1
637 58 572 177 618 213 1
637 59 846 164 864 205 0
638 57 412 187 544 283 1
638 58 568 178 616 215 1
638 59 852 165 869 206 0
639 57 386 189 536 298 1
639 58 563 179 615 218 1
639 59 857 165 875 208 0
640 57 353 191 527 315 1
640 58 558 180 613 221 1
640 59 862 165 881 209 0
641 57 309 192 516 338 1
641 58 552 180 610 223 1
641 59 867 165 886 209 0
642 57 247 194 501 370 1
642 58 545 180 608 224 1
642 59 873 164 892 210 0
643 57 155 196 483 373 1
643 58 538 179 605 227 1
643 59 878 164 898 210 0
644 57 2 199 458 373 1
644 58 531 179 601 229 1
644 59 884 164 904 211 0
645 57 2 204 431 373 1
645 58 523 179 598 232 1
645 59 889 163 910 212 0
646 57 2 211 390 373 1
646 58 514 179 594 235 1
646 59 895 163 917 212 0
647 57 2 224 324 373 1
647 58 504 180 589 240 1
647 59 901 162 923 213 0
648 58 493 180 585 245 1
648 59 908 162 930 214 0
649 58 481 182 580 252 1
649 59 914 161 937 215 0
650 58 466 183 574 259 1
650 59 920 161 944 216 0
651 58 449 184 567 268 1
651 59 926 160 951 217 0
652 58 428 186 559 279 1
652 59 933 160 959 218 0
653 58 402 188 550 292 1
653 59 941 159 967 219 0
654 58 372 189 541 308 1
654 59 948 159 976 220 0
655 58 332 192 531 330 1
655 59 956 158 985 221 0
656 58 278 194 517 359 1
656 59 965 157 994 222 0
657 58 200 198 501 373 1
657 59 974 157 1004 223 0
658 58 90 201 484 373 1
658 59 984 156 1015 225 0
659 58 2 206 463 373 1
659 59 997 155 1029 226 0
660 58 2 212 432 373 1
660 59 1010 154 1045 228 0
661 58 2 221 387 373 1
661 59 1025 153 1061 230 0
662 58 2 219 293 373 1
662 59 1041 152 1079 232 0
663 59 1061 151 1102 234 0
664 59 1083 149 1126 237 0
665 59 1106 147 1153 239 0
666 59 1133 146 1183 241 0
667 59 1165 143 1219 244 0
710 61 627 172 651 194 0
711 61 622 171 646 193 0
712 61 616 169 641 192 0
713 61 611 165 636 189 0
714 61 606 161 631 185 0
715 61 602 156 627 180 0
716 61 598 150 623 175 0
717 61 593 144 619 170 0
718 61 588 139 616 166 0
719 61 584 137 613 165 0
720 61 579 141 609 170 0
721 61 576 145 607 174 0
722 61 573 148 604 178 0
723 61 569 152 601 182 0
724 61 571 157 603 188 0
725 61 572 163 605 195 0
726 61 577 169 611 201 0
727 61 586 172 620 206 0
728 61 599 170 633 205 0
729 61 615 169 651 204 0
730 61 632 168 669 204 1
731 61 654 169 693 206 1
732 61 678 170 717 208 1
733 61 704 170 745 209 1
734 61 732 169 775 210 1
735 61 762 169 807 212 1
736 61 794 168 842 213 1
737 61 827 165 878 213 1
738 61 864 162 917 212 1
739 61 904 159 962 211 1
740 61 945 158 1007 213 1
741 61 990 157 1057 216 1
742 61 1040 155 1114 218 1
743 61 1096 156 1178 223 1
744 61 1153 153 1240 227 1
745 61 1223 150 1240 230 1
750 60 84 197 182 227 0
751 60 134 195 227 224 0
752 60 182 193 271 222 0
753 60 224 193 310 222 0
754 60 265 194 349 222 0
755 60 306 194 386 222 0
756 60 351 196 430 224 0
757 60 386 197 463 224 0
758 60 420 197 497 224 0
759 60 451 195 527 222 0
760 60 481 192 558 220 0
761 60 504 192 582 219 0
762 60 528 191 606 218 0
763 60 552 190 630 218 0
764 60 569 190 649 218 0
765 60 587 189 668 218 0
766 60 602 186 684 215 0
767 60 617 183 701 212 0
768 60 628 182 714 212 0
769 60 640 182 727 212 0
770 60 648 181 737 211 0
771 60 655 180 747 211 0
772 60 663 179 757 211 0
773 60 665 178 760 211 0
774 60 666 176 764 210 0
775 60 667 175 767 209 0
776 60 669 173 771 208 0
777 60 670 171 775 207 0
778 60 671 171 778 208 0
779 60 672 171 782 209 0
780 60 672 174 785 212 0
780 63 645 174 705 196 0
781 60 673 177 789 216 0
781 63 645 177 706 199 0
782 60 673 179 793 220 0
782 63 645 179 706 202 0
783 60 674 179 797 221 0
783 63 644 179 707 202 0
784 60 675 178 802 222 0
784 63 644 178 708 201 0
785 60 676 178 807 222 0
785 63 644 178 709 201 0
786 60 677 177 812 223 0
786 63 644 177 710 201 0
787 60 677 177 818 224 0
787 63 644 177 711 201 0
788 60 678 176 824 225 0
788 63 644 176 712 201 0
789 60 680 176 831 228 0
789 63 643 176 713 201 0
790 60 682 177 839 230 0
790 63 642 177 713 203 0
791 60 684 177 848 233 0
791 63 641 178 714 204 0
792 60 686 177 858 235 0
792 63 642 178 715 205 0
793 60 689 176 868 237 0
793 63 642 178 717 205 0
794 60 691 176 880 240 0
794 63 643 177 720 205 0
795 60 696 176 895 243 0
795 63 643 177 722 206 0
796 60 701 176 911 247 0
796 63 644 177 725 206 0
797 60 706 176 929 251 0
797 63 646 177 728 207 0
798 60 712 177 950 256 0
798 63 647 177 732 207 0
799 60 719 177 973 262 0
799 63 649 176 735 208 0
