0 1 2 207 182 317 0
0 2 2 198 208 296 0
0 3 539 178 629 217 0
0 4 581 180 735 238 0
0 5 91 185 273 257 0
0 6 130 191 297 245 0
0 8 220 185 335 226 0
1 1 2 208 185 321 0
1 2 2 199 215 299 0
1 3 554 179 645 219 0
1 4 596 179 755 239 0
1 5 98 186 281 258 0
1 6 143 195 311 251 0
1 8 236 187 351 229 0
2 1 2 209 189 325 0
2 2 2 198 222 300 0
2 3 567 175 660 216 0
2 4 612 179 775 240 0
2 5 104 187 290 260 0
2 6 155 195 324 251 0
2 8 247 185 363 226 0
3 1 2 209 193 329 0
3 2 2 197 230 302 0
3 3 581 172 675 213 0
3 4 625 176 794 239 0
3 5 110 182 299 257 0
3 6 162 190 332 246 0
3 8 259 182 374 224 0
4 1 2 206 190 329 0
4 2 2 193 231 300 0
4 3 595 168 691 210 0
4 4 639 172 814 237 0
4 5 116 177 308 253 0
4 6 169 184 341 240 0
4 8 268 178 385 220 0
5 1 2 201 187 330 0
5 2 2 188 233 297 0
5 3 606 166 704 209 0
5 4 654 169 835 236 0
5 5 122 172 317 249 0
5 6 176 178 350 234 0
5 8 277 174 395 217 0
6 1 2 197 184 330 0
6 2 2 182 234 294 0
6 3 617 164 717 208 0
6 4 666 168 853 237 0
6 5 120 171 319 249 0
6 6 179 175 356 232 0
6 8 286 170 405 213 0
7 1 2 199 170 339 0
7 2 2 184 226 301 0
7 3 627 163 730 208 0
7 4 678 167 873 239 0
7 5 118 169 322 249 0
7 6 177 177 359 235 0
7 8 290 171 411 214 0
8 1 2 201 155 350 0
8 2 2 185 218 309 0
8 3 637 163 742 208 0
8 4 691 166 894 241 0
8 5 114 171 324 253 0
8 6 175 179 361 239 0
8 8 294 171 416 215 0
9 1 2 203 139 362 0
9 2 2 187 209 317 0
9 3 645 168 752 214 0
9 4 701 172 913 249 0
9 5 111 172 327 257 0
9 6 173 182 363 243 0
9 8 295 174 420 219 0
10 1 2 205 120 373 0
10 2 2 189 199 326 0
10 3 653 173 763 221 0
10 4 712 177 934 258 0
10 5 107 174 329 261 0
10 6 171 184 366 248 0
10 7 220 180 391 237 0
10 8 297 177 424 223 0
10 17 452 174 485 193 0
11 1 2 207 99 373 0
11 2 2 191 189 336 0
11 3 661 179 774 228 0
11 4 721 184 953 269 0
11 5 93 170 324 260 0
11 6 164 185 365 251 0
11 7 221 181 395 240 0
11 8 299 180 428 227 0
11 17 456 177 489 196 0
12 2 2 186 169 339 0
12 3 664 179 779 229 0
12 4 729 181 971 269 0
12 5 77 166 318 259 0
12 6 155 184 362 251 0
12 7 214 177 394 238 0
12 8 296 176 427 224 0
12 17 460 175 493 195 0
13 2 2 180 146 343 0
13 3 667 174 785 225 0
13 4 737 176 991 269 0
13 5 61 161 312 257 0
13 6 144 177 358 245 0
13 7 208 173 392 235 0
13 8 292 170 426 218 0
13 17 461 170 494 190 0
14 2 2 171 121 347 0
14 3 670 169 792 221 0
14 4 746 172 1013 268 0
14 5 44 156 306 256 0
14 6 132 171 354 242 0
14 7 199 164 388 228 0
14 8 287 163 425 212 0
14 17 462 164 496 184 0
15 2 2 161 92 351 0
15 3 674 163 798 216 0
15 4 755 167 1037 268 0
15 5 25 150 299 254 0
15 6 116 164 347 238 0
15 7 189 155 384 220 0
15 8 283 156 424 206 0
15 17 462 157 495 177 0
16 2 2 150 59 357 0
16 3 677 150 805 204 0
16 4 760 156 1057 262 0
16 5 2 142 287 250 0
16 6 99 151 340 227 0
16 7 178 145 380 212 0
16 8 274 149 419 200 0
16 17 461 146 495 168 0
17 3 681 145 812 200 0
17 4 767 150 1081 262 0
17 5 2 132 274 246 0
17 6 78 143 330 221 0
17 7 162 139 372 209 0
17 8 267 138 416 191 0
17 17 461 138 495 161 0
18 3 684 139 819 196 0
18 4 776 143 1109 261 0
18 5 2 122 260 241 0
18 6 57 140 321 222 0
18 7 147 133 365 205 0
18 8 259 134 412 188 0
18 17 460 132 494 155 0
19 3 688 141 826 200 0
19 4 786 147 1140 273 0
19 5 2 126 247 252 0
19 6 35 145 311 231 0
19 7 133 138 358 212 0
19 8 250 138 408 193 0
19 17 460 138 494 161 0
20 3 688 155 830 216 0
20 4 796 158 1173 292 0
20 5 2 131 233 264 0
20 6 14 159 302 249 0
20 7 116 151 349 228 0
20 8 243 149 404 206 0
20 9 668 158 792 209 0
20 17 459 151 494 173 0
21 3 689 170 835 232 0
21 4 808 179 1212 323 0
21 5 2 151 217 292 0
21 6 2 171 292 264 0
21 7 102 165 344 244 0
21 8 235 168 401 227 0
21 9 670 173 797 225 0
21 17 458 167 493 189 0
22 3 694 182 845 246 0
22 4 819 192 1240 350 0
22 5 2 160 200 310 0
22 6 2 183 281 281 0
22 7 87 174 338 257 0
22 8 227 177 397 238 0
22 9 671 186 801 241 0
22 17 458 179 494 201 0
23 3 700 194 855 261 0
23 4 833 199 1240 372 0
23 5 2 169 181 329 0
23 6 2 194 269 299 0
23 7 70 185 331 271 0
23 8 218 188 393 250 0
23 9 674 195 808 252 0
23 17 459 190 494 213 0
24 3 702 188 862 257 0
24 4 849 196 1240 373 0
24 5 2 171 159 342 0
24 6 2 198 256 309 0
24 7 49 183 322 272 0
24 8 208 190 389 255 0
24 9 677 195 815 253 0
24 17 458 191 494 214 0
25 3 705 183 870 253 0
25 4 866 187 1240 373 0
25 5 2 172 135 356 0
25 6 2 195 241 312 0
25 7 27 181 312 273 0
25 8 197 185 384 251 0
25 9 680 187 821 246 0
25 17 457 185 493 208 0
26 3 708 177 878 249 0
26 4 886 182 1240 373 0
26 6 2 190 223 312 0
26 7 2 178 301 275 0
26 8 184 177 377 244 0
26 9 683 179 829 239 0
26 17 456 176 492 199 0
27 3 714 175 891 250 0
27 4 910 183 1240 373 0
27 6 2 184 203 312 0
27 7 2 174 288 275 0
27 8 171 172 371 241 0
27 9 685 178 835 240 0
27 17 455 173 491 196 0
28 3 720 174 904 251 0
28 4 938 185 1240 373 0
28 6 2 177 181 312 0
28 7 2 170 274 275 0
28 8 157 166 364 238 0
28 9 688 177 842 240 0
28 17 455 169 491 192 0
29 3 723 177 913 257 0
29 4 972 188 1240 373 0
29 6 2 183 161 328 0
29 7 2 175 262 286 0
29 8 144 172 359 245 0
29 9 691 181 850 246 0
29 17 454 173 491 197 0
30 3 726 180 924 264 0
30 4 1013 190 1240 373 0
30 6 2 189 139 346 0
30 7 2 180 248 297 0
30 8 131 177 353 254 0
30 9 694 184 858 252 0
30 11 211 171 374 236 0
30 13 290 170 392 216 0
30 17 454 178 491 202 0
31 3 729 184 935 271 0
31 4 1065 194 1240 373 0
31 7 2 185 232 310 0
31 8 116 183 347 263 0
31 9 698 188 867 259 0
31 11 201 173 369 240 0
31 13 282 175 387 222 0
31 17 453 181 490 205 0
32 3 735 187 951 278 0
32 7 2 185 215 318 0
32 8 97 183 338 265 0
32 9 702 190 878 264 0
32 11 190 175 364 244 0
32 13 277 176 384 225 0
32 17 452 184 490 208 0
33 3 742 186 968 281 0
33 7 2 185 196 326 0
33 8 76 182 329 268 0
33 9 707 189 890 266 0
33 11 179 178 358 248 0
33 13 270 176 380 225 0
33 17 452 184 490 209 0
34 3 749 186 986 286 0
34 7 2 184 174 335 0
34 8 56 182 320 272 0
34 9 712 189 902 269 0
34 11 167 176 353 249 0
34 13 265 176 377 226 0
34 17 452 185 490 209 0
35 3 757 184 1007 289 0
35 7 2 184 150 346 0
35 8 33 182 311 276 0
35 9 717 187 916 270 0
35 11 154 175 347 250 0
35 13 259 171 374 223 0
35 17 452 180 490 205 0
36 3 765 180 1029 290 0
36 7 2 183 123 359 0
36 8 9 182 301 280 0
36 9 723 184 931 270 0
36 11 140 173 341 251 0
36 13 254 171 371 223 0
36 17 452 180 491 205 0
37 3 776 180 1057 297 0
37 8 2 182 289 285 0
37 9 731 184 949 273 0
37 11 125 171 334 252 0
37 13 248 170 369 223 0
37 17 452 179 491 204 0
38 3 787 180 1089 304 0
38 8 2 185 277 294 0
38 9 739 184 969 278 0
38 11 110 170 328 253 0
38 13 242 169 366 224 0
38 17 453 178 492 204 0
39 3 801 181 1126 314 0
39 8 2 184 264 299 0
39 9 748 185 992 284 0
39 11 93 170 321 256 0
39 13 235 168 363 224 0
39 17 454 178 494 204 0
40 3 816 181 1168 325 0
40 8 2 183 249 305 0
40 9 758 185 1017 290 0
40 10 20 175 271 272 0
40 11 75 169 314 259 0
40 12 179 162 352 246 0
40 13 229 167 360 224 0
40 17 455 177 496 204 0
41 3 833 180 1217 335 0
41 8 2 181 232 310 0
41 9 769 186 1046 298 0
41 10 2 174 260 276 0
41 11 56 169 306 263 0
41 12 167 160 346 247 0
41 13 222 167 357 226 0
41 17 457 177 497 204 0
42 3 854 181 1240 352 0
42 8 2 181 212 320 0
42 9 783 185 1082 305 0
42 10 2 174 247 281 0
42 11 35 169 297 267 0
42 12 153 160 340 250 0
42 13 216 168 355 228 0
42 17 458 177 499 204 0
43 3 879 183 1240 373 0
43 8 2 181 190 331 0
43 9 799 187 1124 317 0
43 10 2 173 233 286 0
43 11 13 169 288 271 0
43 12 139 159 334 253 0
43 13 208 168 352 230 0
43 17 460 178 501 205 0
44 3 909 184 1240 373 0
44 8 2 181 164 344 0
44 9 817 188 1174 330 0
44 10 2 173 215 293 0
44 11 2 168 277 276 0
44 12 124 158 328 256 0
44 13 201 168 349 233 0
44 17 462 179 504 207 0
45 3 945 184 1240 373 0
45 8 2 181 134 360 0
45 9 838 188 1233 343 0
45 10 2 172 195 301 0
45 11 2 167 265 281 0
45 12 107 158 321 260 0
45 13 193 169 346 235 0
45 17 463 178 505 206 0
46 3 990 180 1240 373 0
46 8 2 181 99 373 0
46 9 862 188 1240 359 0
46 10 2 171 172 311 0
46 11 2 166 251 286 0
46 12 89 157 314 264 0
46 13 182 167 341 235 0
46 17 464 177 506 205 0
47 9 887 191 1240 373 0
47 10 2 171 145 321 0
47 11 2 165 236 293 0
47 12 65 155 303 267 0
47 13 170 165 336 236 0
47 17 464 176 507 205 0
48 9 918 188 1240 373 0
48 10 2 170 115 334 0
48 11 2 163 219 300 0
48 12 38 152 291 270 0
48 13 158 163 330 236 0
48 17 465 175 509 204 0
49 9 956 193 1240 373 0
49 10 2 170 75 352 0
49 11 2 161 198 308 0
49 12 8 149 278 274 0
49 13 144 161 324 237 0
49 17 466 174 510 203 0
50 9 1003 194 1240 373 0
50 11 2 158 173 317 0
50 12 2 146 264 278 0
50 13 129 158 317 237 0
50 14 180 174 337 231 0
50 17 467 173 511 203 0
51 9 1066 197 1240 373 0
51 11 2 155 146 328 0
51 12 2 142 248 283 0
51 13 113 158 310 239 0
51 14 168 174 331 233 0
51 17 467 172 512 203 0
52 11 2 152 114 341 0
52 12 2 141 229 292 0
52 13 95 157 301 242 0
52 14 155 174 326 235 0
52 17 468 172 514 203 0
53 11 2 147 77 357 0
53 12 2 139 208 302 0
53 13 75 156 293 245 0
53 14 141 174 319 237 0
53 17 468 171 515 203 0
54 12 2 137 185 313 0
54 13 54 155 283 248 0
54 14 126 174 312 240 0
54 17 469 171 516 203 0
55 12 2 135 158 326 0
55 13 35 153 276 251 0
55 14 110 174 305 242 0
55 17 470 173 518 207 0
56 12 2 133 126 342 0
56 13 5 155 261 258 0
56 14 93 173 297 245 0
56 17 471 176 520 210 0
57 13 2 157 249 265 0
57 14 75 177 290 252 0
57 17 473 179 522 213 0
58 13 2 160 236 274 0
58 14 56 181 282 259 0
58 17 474 182 524 217 0
59 13 2 162 222 283 0
59 14 35 181 274 263 0
59 17 475 184 526 220 0
60 13 2 165 206 294 0
60 14 13 181 264 267 0
60 15 105 182 298 250 0
60 16 165 173 327 240 0
60 17 479 183 530 219 0
61 13 2 163 191 300 0
61 14 2 182 254 271 0
61 15 90 182 292 253 0
61 16 157 171 325 241 0
61 17 484 181 535 218 0
62 13 2 160 175 306 0
62 14 2 181 246 275 0
62 15 78 181 288 255 0
62 16 149 170 322 242 0
62 17 488 179 540 217 0
63 13 2 157 158 313 0
63 14 2 181 238 280 0
63 15 64 181 284 258 0
63 16 140 168 320 243 0
63 17 493 177 546 216 0
64 13 2 153 138 322 0
64 14 2 180 228 285 0
64 15 49 181 279 261 0
64 16 132 168 318 245 0
64 17 499 176 552 215 0
65 13 2 149 115 331 0
65 14 2 180 217 290 0
65 15 33 180 275 264 0
65 16 123 168 316 248 0
65 17 505 176 559 217 0
66 14 2 179 205 296 0
66 15 16 180 269 267 0
66 16 114 167 315 251 0
66 17 511 177 567 218 0
67 14 2 180 192 305 0
67 15 2 181 262 273 0
67 16 104 167 313 253 0
67 17 518 177 575 220 0
68 14 2 181 176 316 0
68 15 2 182 255 279 0
68 16 92 167 311 257 0
68 17 525 178 583 222 0
69 14 2 182 159 328 0
69 15 2 184 247 286 0
69 16 80 168 309 262 0
69 17 532 179 592 223 0
70 14 2 183 139 342 0
70 15 2 185 238 294 0
70 16 66 169 306 267 0
70 17 539 181 600 227 0
70 24 341 174 413 205 0
70 26 485 182 509 198 0
71 14 2 185 117 359 0
71 15 2 187 228 302 0
71 16 51 170 303 273 0
71 17 547 183 608 230 0
71 24 348 177 420 208 0
71 26 493 185 517 201 0
72 15 2 191 212 315 0
72 16 35 171 300 279 0
72 17 554 185 618 234 0
72 24 354 179 427 211 0
72 26 500 187 525 204 0
73 15 2 190 198 322 0
73 16 17 173 297 286 0
73 17 562 183 627 233 0
73 24 359 177 433 209 0
73 26 508 185 532 202 0
74 15 2 189 182 331 0
74 16 2 169 290 289 0
74 17 570 180 636 231 0
74 24 365 174 440 207 0
74 26 516 182 540 199 0
75 15 2 188 163 341 0
75 16 2 164 282 291 0
75 17 577 177 647 230 0
75 24 371 170 447 204 0
75 26 524 179 549 196 0
76 15 2 187 142 353 0
76 16 2 165 273 299 0
76 17 585 174 659 229 0
76 24 378 170 454 203 0
76 26 532 176 557 194 0
77 15 2 188 118 371 0
77 16 2 165 263 309 0
77 17 594 176 669 232 0
77 24 385 169 462 203 0
77 26 540 178 565 195 0
78 16 2 165 252 319 0
78 17 603 177 679 235 0
78 24 389 171 468 206 0
78 26 548 180 574 197 0
79 16 2 165 235 332 0
79 17 612 179 691 239 0
79 24 394 174 474 209 0
79 26 557 181 583 199 0
80 16 2 164 216 346 0
80 17 620 177 703 240 0
80 24 399 172 480 207 0
80 26 564 180 590 198 0
81 16 2 164 194 363 0
81 17 630 176 717 241 0
81 24 404 170 486 206 0
81 26 572 178 598 197 0
82 16 2 163 168 373 0
82 17 637 175 728 243 0
82 24 409 168 493 205 0
82 26 580 177 607 195 0
83 16 2 162 136 373 0
83 17 646 175 740 246 0
83 24 413 169 498 207 0
83 26 586 177 613 196 0
84 17 655 174 754 248 0
84 24 417 170 503 208 0
84 26 593 178 620 197 0
85 17 661 174 766 253 0
85 24 418 171 506 209 0
85 26 598 179 626 198 0
86 17 667 175 779 257 0
86 24 419 171 508 210 0
86 26 604 180 632 200 0
87 17 674 176 794 262 0
87 24 420 171 511 211 0
87 26 608 180 636 200 0
88 17 682 176 811 268 0
88 24 421 172 514 213 0
88 26 611 180 640 200 0
89 17 690 177 829 275 0
89 24 423 172 517 214 0
89 26 615 179 644 200 0
90 17 696 176 845 280 0
90 20 328 182 476 239 0
90 22 393 179 481 219 0
90 24 420 171 517 214 0
90 25 687 177 752 205 0
90 26 616 179 646 200 0
91 17 702 175 863 287 0
91 20 318 181 472 241 0
91 22 388 179 478 220 0
91 24 417 170 516 214 0
91 25 691 176 757 205 0
91 26 617 178 647 199 0
92 17 709 174 885 295 0
92 20 306 181 468 243 0
92 22 383 179 475 220 0
92 24 413 169 515 214 0
92 25 694 176 762 205 0
92 26 619 178 649 199 0
93 17 717 173 909 304 0
93 20 294 180 463 245 0
93 22 378 178 473 221 0
93 24 410 167 514 213 0
93 25 697 175 766 205 0
93 26 620 177 651 199 0
94 17 725 172 938 314 0
94 20 281 180 458 248 0
94 22 372 178 470 222 0
94 24 406 166 513 213 0
94 25 699 176 770 207 0
94 26 621 177 653 199 0
95 17 734 172 971 328 0
95 20 266 179 453 251 0
95 22 365 177 467 223 0
95 24 402 166 512 215 0
95 25 702 177 774 208 0
95 26 622 177 654 199 0
96 17 744 171 1011 345 0
96 20 249 180 446 255 0
96 22 358 177 463 224 0
96 24 397 166 510 216 0
96 25 705 177 779 209 0
96 26 623 177 656 200 0
97 17 755 171 1060 367 0
97 20 230 180 438 259 0
97 22 350 177 459 226 0
97 24 392 166 508 217 0
97 25 708 178 784 211 0
97 26 624 177 657 201 0
98 17 768 170 1125 373 0
98 20 209 180 430 264 0
98 22 342 177 454 227 0
98 24 386 167 506 219 0
98 25 710 178 788 211 0
98 26 625 178 659 201 0
99 17 783 169 1211 373 0
99 20 185 181 421 270 0
99 22 333 177 450 229 0
99 24 380 167 503 221 0
99 25 713 177 792 212 0
99 26 625 178 660 202 0
100 17 800 170 1240 373 0
100 18 2 173 292 305 0
100 19 2 175 184 349 0
100 20 158 181 411 276 0
100 22 324 177 445 231 0
100 23 351 181 467 226 0
100 24 373 166 500 221 0
100 25 715 177 797 212 0
100 26 625 178 661 202 0
101 17 821 172 1240 373 0
101 18 2 172 267 316 0
101 19 2 175 143 370 0
101 20 127 181 399 282 0
101 22 313 176 439 232 0
101 23 342 180 462 227 0
101 24 366 165 497 222 0
101 25 717 176 802 213 0
101 26 625 177 661 202 0
102 17 847 176 1240 373 0
102 18 2 170 238 329 0
102 19 2 174 92 373 0
102 20 90 180 385 289 0
102 22 301 175 432 233 0
102 23 332 180 457 228 0
102 24 357 164 493 223 0
102 25 720 176 807 213 0
102 26 625 177 662 203 0
103 17 881 181 1240 373 0
103 18 2 168 204 345 0
103 19 2 174 30 373 0
103 20 48 180 368 297 0
103 22 289 175 426 235 0
103 23 322 179 452 229 0
103 24 349 163 489 224 0
103 25 722 176 812 214 0
103 26 625 177 663 203 0
104 17 925 184 1240 373 0
104 18 2 166 163 365 0
104 20 2 179 350 306 0
104 22 276 174 418 237 0
104 23 311 179 446 230 0
104 24 340 162 485 225 0
104 25 725 176 817 215 0
104 26 625 176 663 203 0
105 18 2 163 114 373 0
105 20 2 178 329 318 0
105 22 261 173 410 238 0
105 23 299 179 439 232 0
105 24 330 161 480 226 0
105 25 727 176 822 216 0
105 26 625 176 664 203 0
106 20 2 180 305 333 0
106 22 245 174 401 242 0
106 23 286 179 433 235 0
106 24 319 160 476 228 0
106 25 730 176 828 217 0
106 26 625 176 665 203 0
107 20 2 182 276 353 0
107 22 227 174 392 246 0
107 23 272 179 425 237 0
107 24 308 160 470 230 0
107 25 732 175 834 219 0
107 26 624 175 665 204 0
108 20 2 184 242 373 0
108 22 207 175 381 250 0
108 23 256 179 417 240 0
108 24 296 159 465 232 0
108 25 736 176 841 220 0
108 26 624 175 666 204 0
109 20 2 186 200 373 0
109 22 186 176 369 255 0
109 23 239 179 409 243 0
109 24 282 158 459 234 0
109 25 740 176 849 222 0
109 26 624 175 667 204 0
110 20 2 189 148 373 0
110 21 2 189 192 350 0
110 22 162 177 357 260 0
110 23 223 180 401 247 0
110 24 269 158 454 237 0
110 25 744 176 857 224 1
110 26 624 176 668 206 0
110 29 392 175 493 210 0
111 21 2 192 150 373 0
111 22 137 178 345 266 0
111 23 204 181 392 251 0
111 24 255 158 448 240 0
111 25 748 177 866 226 1
111 26 625 177 669 208 0
111 29 387 177 490 213 0
112 21 2 196 99 373 0
112 22 110 179 331 272 0
112 23 184 182 382 256 0
112 24 239 158 441 244 0
112 25 753 177 876 229 1
112 26 625 179 671 210 0
112 29 381 177 488 214 0
113 21 2 198 37 373 0
113 22 76 179 314 278 0
113 23 162 183 372 261 0
113 24 222 158 434 248 0
113 25 759 177 887 230 1
113 26 626 178 673 210 0
113 29 375 177 485 215 0
114 21 2 201 2 373 0
114 22 39 179 295 285 0
114 23 137 184 360 267 0
114 24 203 159 427 253 0
114 25 766 177 899 232 1
114 26 627 177 675 211 0
114 29 369 177 482 216 0
115 21 2 205 2 373 0
115 22 2 179 273 292 0
115 23 109 185 348 273 0
115 24 184 160 420 259 0
115 25 773 176 913 234 1
115 26 629 177 678 211 0
115 29 363 177 479 217 0
116 21 2 210 2 373 0
116 22 2 179 255 301 0
116 23 76 185 334 279 0
116 24 163 161 413 265 0
116 25 780 176 927 237 1
116 26 630 176 681 211 0
116 29 356 176 476 218 0
117 21 2 217 2 373 0
117 22 2 178 233 312 0
117 23 39 186 318 286 0
117 24 140 162 406 273 0
117 25 788 175 943 239 1
117 26 633 178 685 214 0
117 29 351 181 475 224 0
118 22 2 184 205 331 0
118 23 2 192 302 301 0
118 24 113 163 397 281 0
118 25 798 176 961 242 1
118 26 635 182 689 219 0
118 29 346 186 474 230 0
119 22 2 191 171 354 0
119 23 2 199 284 319 0
119 24 83 165 387 290 0
119 25 809 176 982 246 1
119 26 638 186 694 224 0
119 29 340 191 472 237 0
120 22 2 198 130 373 0
120 23 2 201 260 332 0
120 24 48 164 376 298 0
120 25 821 176 1005 251 1
120 26 641 185 699 224 0
120 27 217 194 394 265 0
120 28 255 191 417 253 0
120 29 333 191 470 238 0
120 35 621 186 662 216 0
121 23 2 204 232 348 0
121 24 7 164 362 308 0
121 25 834 176 1031 255 1
121 26 644 184 704 225 0
121 27 199 194 385 269 0
121 28 241 191 411 256 0
121 29 325 189 467 237 0
121 35 624 184 666 214 0
122 23 2 207 200 368 0
122 24 2 163 347 320 0
122 25 848 176 1060 261 1
122 26 648 183 709 225 0
122 27 179 195 377 274 0
122 28 226 192 405 259 0
122 29 317 189 464 240 0
122 35 627 182 671 212 0
123 23 2 210 160 373 0
123 24 2 162 330 333 0
123 25 863 178 1092 269 1
123 26 652 184 716 227 0
123 27 157 195 367 279 0
123 28 210 192 398 263 0
123 29 308 189 461 242 0
123 35 629 182 674 214 0
124 23 2 215 112 373 0
124 24 2 160 309 349 0
124 25 880 180 1129 278 1
124 26 656 185 722 230 0
124 27 130 196 354 285 0
124 28 191 194 390 269 0
124 29 298 189 457 244 0
124 35 632 183 678 215 0
125 24 2 157 282 368 0
125 25 899 182 1173 289 1
125 26 659 185 728 232 0
125 27 99 193 341 288 0
125 28 170 192 381 270 0
125 29 287 190 453 247 0
125 35 633 183 681 216 0
126 24 2 152 249 373 0
126 25 921 185 1223 302 1
126 26 662 186 734 235 0
126 27 63 191 325 292 0
126 28 143 189 368 272 0
126 29 276 190 449 249 0
126 35 635 183 684 217 0
127 24 2 146 208 373 0
127 25 946 187 1240 317 1
127 26 665 187 740 238 0
127 27 21 192 308 302 0
127 28 113 190 355 279 0
127 29 260 190 443 252 0
127 35 636 183 687 218 0
128 24 2 138 156 373 0
128 25 974 188 1240 334 1
128 26 668 189 746 243 0
128 27 2 193 287 313 0
128 28 78 191 339 286 0
128 29 243 190 436 255 0
128 35 638 186 691 222 0
129 24 2 125 88 373 0
129 25 1005 190 1240 356 1
129 26 670 191 752 248 0
129 27 2 195 261 326 0
129 28 37 193 321 296 0
129 29 225 190 428 259 0
129 35 640 188 694 226 0
130 25 1043 192 1240 373 0
130 26 673 190 759 249 0
130 27 2 195 230 341 0
130 28 2 192 301 304 0
130 29 204 190 419 263 0
130 31 291 192 445 247 0
130 35 641 187 697 226 0
130 36 427 188 525 222 0
130 39 446 182 512 215 0
131 25 1090 194 1240 373 0
131 26 676 189 767 251 0
131 27 2 195 193 358 0
131 28 2 192 276 314 0
131 29 181 190 410 267 0
131 31 278 192 439 250 0
131 35 642 186 699 226 0
131 36 424 187 525 222 0
131 39 441 179 509 213 0
132 25 1146 197 1240 373 0
132 26 679 188 775 252 0
132 27 2 195 148 373 0
132 28 2 191 247 326 0
132 29 153 190 398 272 0
132 31 262 192 431 252 0
132 35 643 185 702 226 0
132 36 418 186 522 222 0
132 39 437 176 506 211 0
133 26 682 187 784 254 0
133 27 2 197 92 373 0
133 28 2 192 212 342 0
133 29 120 190 385 278 0
133 31 244 191 423 255 0
133 35 644 183 705 226 0
133 36 412 186 519 223 0
133 39 432 175 504 211 0
134 26 686 185 795 256 0
134 28 2 193 170 364 0
134 29 83 191 370 285 0
134 31 224 190 413 257 0
134 35 645 182 708 225 0
134 36 406 185 516 223 0
134 39 428 175 501 212 0
135 26 690 186 807 262 0
135 28 2 196 118 373 0
135 29 40 191 352 293 0
135 31 202 189 403 260 0
135 35 646 182 713 228 0
135 36 399 184 513 223 0
135 39 423 175 498 212 0
136 26 695 187 820 268 0
136 29 2 191 332 303 0
136 31 178 189 392 263 0
136 35 648 183 717 230 0
136 36 392 184 509 224 0
136 39 418 174 496 213 0
137 26 700 188 836 276 0
137 29 2 193 309 315 0
137 31 149 189 379 269 0
137 35 649 183 722 232 0
137 36 385 184 506 225 0
137 39 413 174 494 214 0
138 26 705 189 855 284 0
138 29 2 194 281 331 0
138 31 116 190 365 276 0
138 35 651 183 727 235 0
138 36 378 184 503 227 0
138 39 408 174 491 215 0
139 26 712 190 876 294 0
139 29 2 196 247 350 0
139 31 78 191 349 283 0
139 35 653 184 733 238 0
139 36 370 184 500 228 0
139 39 403 173 488 216 0
140 26 721 191 904 306 0
140 29 2 198 206 373 0
140 30 2 187 293 316 0
140 31 34 192 330 292 0
140 32 155 186 384 271 0
140 34 261 180 426 246 0
140 35 657 183 740 240 0
140 36 361 184 497 230 0
140 37 647 181 697 215 0
140 38 378 180 484 223 0
140 39 397 173 485 217 0
140 40 632 174 662 200 0
141 26 732 192 939 321 0
141 29 2 200 154 373 0
141 30 2 188 263 332 0
141 31 2 193 309 303 0
141 32 124 187 370 277 0
141 34 245 179 420 249 0
141 35 660 183 749 242 0
141 36 352 184 493 231 0
141 37 649 181 700 216 0
141 38 371 179 481 224 0
141 39 393 172 484 218 0
141 40 633 174 663 200 0
142 26 744 194 982 339 0
142 30 2 189 226 353 0
142 31 2 194 284 315 0
142 32 87 187 355 285 0
142 34 228 178 412 251 0
142 35 665 183 758 245 0
142 36 343 184 490 234 0
142 37 652 181 705 217 0
142 38 363 179 477 225 0
142 39 388 172 482 219 0
142 40 635 173 666 200 0
143 26 759 195 1037 363 0
143 30 2 191 180 373 0
143 31 2 196 255 331 0
143 32 45 187 338 294 0
143 34 209 177 404 254 0
143 35 669 182 768 248 0
143 36 333 184 487 236 0
143 37 655 181 710 218 0
143 38 354 178 473 226 0
143 39 382 171 480 220 0
143 40 637 173 668 200 0
144 26 777 197 1110 373 0
144 31 2 198 220 350 0
144 32 2 188 318 304 0
144 34 188 175 394 258 0
144 35 674 182 780 251 0
144 36 322 184 483 238 0
144 37 657 180 716 219 0
144 38 345 178 470 228 0
144 39 376 171 478 221 0
144 40 639 172 671 200 0
145 26 797 198 1209 373 0
145 31 2 200 177 373 0
145 32 2 189 291 318 0
145 34 161 176 383 264 0
145 35 679 182 793 256 0
145 36 311 184 479 241 0
145 37 660 180 722 220 0
145 38 336 178 466 231 0
145 39 370 170 475 222 0
145 40 641 172 674 201 0
146 26 822 200 1240 373 0
146 31 2 203 124 373 0
146 32 2 190 260 334 0
146 34 132 177 369 271 0
146 35 684 182 807 261 0
146 36 298 185 475 244 0
146 37 664 180 728 221 0
146 38 326 179 461 233 0
146 39 362 170 471 224 0
146 40 643 171 677 201 0
147 26 854 201 1240 373 0
147 32 2 192 221 356 0
147 34 97 178 354 280 0
147 35 689 181 823 267 0
147 36 282 185 470 248 0
147 37 667 180 734 223 0
147 38 315 179 457 236 0
147 39 352 170 467 226 0
147 40 644 171 679 201 0
148 26 898 204 1240 373 0
148 32 2 194 173 373 0
148 34 57 179 336 290 0
148 35 695 181 842 274 0
148 36 265 185 463 251 0
148 37 670 180 740 224 0
148 38 303 179 452 239 0
148 39 342 170 462 228 0
148 40 646 170 682 201 0
149 26 960 207 1240 373 0
149 32 2 197 112 373 0
149 34 10 180 316 301 0
149 35 702 181 865 283 0
149 36 246 185 457 256 0
149 37 673 179 747 226 0
149 38 289 179 446 242 0
149 39 331 169 457 230 0
149 40 648 170 685 202 0
150 33 2 193 199 362 0
150 34 2 180 290 314 0
150 35 710 183 891 294 0
150 36 225 186 449 260 0
150 37 677 179 755 228 0
150 38 273 179 439 245 0
150 39 319 169 451 233 0
150 40 650 170 688 202 0
150 41 449 175 527 207 0
151 33 2 195 149 373 0
151 34 2 180 259 330 0
151 35 718 184 923 309 0
151 36 197 186 437 266 0
151 37 680 179 763 231 0
151 38 255 179 432 249 0
151 39 305 169 444 236 0
151 40 652 170 691 203 0
151 41 445 176 525 208 0
152 34 2 180 221 350 0
152 35 728 186 963 327 0
152 36 170 186 429 272 0
152 37 683 181 770 235 0
152 38 236 178 424 253 0
152 39 289 168 436 239 0
152 40 652 170 692 204 0
152 41 440 176 523 209 0
153 34 2 180 174 373 0
153 35 740 188 1013 350 0
153 36 135 187 415 280 0
153 37 686 182 778 239 0
153 38 214 178 415 257 0
153 39 271 168 427 242 0
153 40 653 171 694 206 0
153 41 435 176 520 210 0
154 34 2 180 122 373 0
154 35 754 190 1081 373 0
154 36 94 188 400 288 0
154 37 689 183 786 244 0
154 38 184 178 402 263 0
154 39 252 167 418 246 0
154 40 654 172 696 208 0
154 41 430 177 518 212 0
155 35 767 192 1172 373 0
155 36 45 189 382 299 0
155 37 692 185 796 250 0
155 38 150 179 386 270 0
155 39 229 166 407 250 0
155 40 654 173 698 210 0
155 41 425 177 515 213 0
156 35 783 195 1240 373 0
156 36 2 190 361 312 0
156 37 696 187 807 256 0
156 38 111 179 368 278 0
156 39 202 166 393 255 0
156 40 655 174 700 212 0
156 41 419 178 512 215 0
157 35 803 199 1240 373 0
157 36 2 191 335 328 0
157 37 700 187 819 262 0
157 38 65 179 348 287 0
157 39 170 165 378 261 0
157 40 655 174 701 213 0
157 41 413 178 509 216 0
158 35 830 204 1240 373 0
158 36 2 192 303 347 0
158 37 704 188 833 268 0
158 38 9 180 324 298 0
158 39 134 163 360 267 0
158 40 654 174 702 214 0
158 41 405 178 505 217 0
159 35 867 210 1240 373 0
159 36 2 193 264 373 0
159 37 708 189 850 275 0
159 38 2 180 296 312 0
159 39 91 162 339 275 0
159 40 654 174 703 215 0
159 41 397 177 500 218 0
160 36 2 194 214 373 0
160 37 714 189 869 284 0
160 38 2 181 262 329 0
160 39 40 161 316 284 0
160 40 653 174 705 216 0
160 41 387 177 494 219 0
160 159 309 164 327 210 0
160 160 418 192 488 232 0
160 162 427 190 490 231 0
161 36 2 196 147 373 0
161 37 719 190 892 294 0
161 38 2 181 221 351 0
161 39 2 159 287 295 0
161 40 653 174 706 217 0
161 41 377 177 489 221 0
161 159 295 164 314 212 0
161 160 407 193 481 236 0
161 162 418 191 485 233 0
162 37 726 191 919 305 0
162 38 2 182 169 373 0
162 39 2 157 253 309 0
162 40 653 174 708 219 0
162 41 367 176 483 222 0
162 159 279 164 299 214 0
162 160 395 195 473 240 0
162 162 409 191 478 236 0
163 37 735 192 953 320 0
163 38 2 183 101 373 0
163 39 2 154 211 327 0
163 40 653 175 710 221 0
163 41 356 178 477 226 0
163 159 263 163 284 215 0
163 160 382 197 464 245 0
163 162 398 192 471 238 0
164 37 744 193 995 338 0
164 39 2 151 159 351 0
164 40 653 175 712 224 0
164 41 344 180 471 229 0
164 159 244 162 267 216 0
164 160 367 199 454 250 0
164 162 386 192 464 242 0
165 37 756 194 1049 361 0
165 39 2 146 93 373 0
165 40 653 176 714 226 0
165 41 331 181 464 234 0
165 159 227 165 251 222 0
165 160 350 202 443 256 0
165 162 373 193 455 245 0
166 37 773 202 1142 373 0
166 40 653 176 717 229 0
166 41 317 183 457 238 0
166 159 206 169 231 229 0
166 160 331 205 430 262 0
166 162 358 193 446 249 0
167 37 792 205 1240 373 0
167 40 654 176 721 230 0
167 41 302 186 449 243 0
167 159 183 172 210 236 0
167 160 309 208 416 270 0
167 162 341 194 435 253 0
168 37 816 208 1240 373 0
168 40 656 175 726 232 0
168 41 286 185 441 245 0
168 159 158 171 188 239 0
168 160 286 210 401 276 0
168 162 322 195 423 258 0
169 37 846 213 1240 373 0
169 40 657 175 731 234 0
169 41 268 184 432 248 0
169 159 130 170 162 242 0
169 160 259 212 385 284 0
169 162 300 196 409 264 0
170 37 888 220 1240 373 0
170 40 659 174 737 237 0
170 41 248 184 423 251 0
170 42 276 183 461 243 0
170 45 388 173 511 224 0
170 55 646 182 689 218 0
170 159 99 169 133 245 0
170 160 227 214 365 293 0
170 161 163 208 284 326 0
170 162 275 197 393 271 0
170 163 317 199 412 264 0
170 164 66 193 205 325 0
170 165 782 214 1002 353 0
171 37 948 229 1240 373 0
171 40 661 174 743 239 0
171 41 226 183 412 254 0
171 42 259 183 454 246 0
171 45 380 172 507 225 0
171 55 647 181 691 218 0
171 159 63 167 101 249 0
171 160 189 217 342 304 0
171 161 98 212 247 348 0
171 162 244 198 375 279 0
171 163 294 200 397 270 0
171 164 2 197 156 349 0
171 165 808 217 1067 373 0
172 40 663 173 751 242 0
172 41 201 182 401 258 0
172 42 239 182 446 250 0
172 45 372 171 504 225 0
172 55 648 181 694 219 0
172 159 21 165 63 253 0
172 160 143 221 314 317 0
172 161 12 217 199 373 0
172 162 208 199 353 288 0
172 163 266 202 379 278 0
172 164 2 202 94 373 0
172 165 833 235 1152 373 0
173 40 666 173 759 246 0
173 41 172 182 387 263 0
173 42 216 182 438 253 0
173 45 362 170 500 226 0
173 55 649 181 697 220 0
173 160 85 225 279 333 0
173 161 2 223 137 373 0
173 162 163 201 327 300 0
173 163 233 203 358 287 0
173 165 876 241 1240 373 0
174 40 669 172 768 249 0
174 41 139 182 372 270 0
174 42 191 182 428 258 0
174 45 353 169 496 228 0
174 55 650 181 700 221 0
174 160 12 231 236 354 0
174 162 108 203 295 314 0
174 163 194 205 333 297 0
174 165 938 248 1240 373 0
175 40 672 172 778 254 0
175 41 101 182 355 277 0
175 42 162 181 417 262 0
175 45 342 169 491 230 0
175 55 652 180 703 222 0
175 160 2 242 182 373 0
175 162 37 211 256 339 0
175 163 145 208 303 311 0
175 165 1035 260 1240 373 0
176 40 675 171 789 259 0
176 41 55 182 335 286 0
176 42 129 182 405 269 0
176 45 331 168 487 232 0
176 55 653 180 707 223 0
176 160 2 226 108 373 0
176 162 2 220 205 371 0
176 163 84 211 266 327 0
177 40 680 170 802 264 0
177 41 2 182 311 296 0
177 42 90 182 391 277 0
177 45 318 168 481 234 0
177 55 655 179 712 225 0
177 162 2 233 136 373 0
177 163 6 215 219 349 0
178 40 685 169 816 270 0
178 41 2 183 284 310 0
178 42 44 183 375 286 0
178 45 304 167 476 237 0
178 55 658 179 717 226 0
178 162 2 251 38 373 0
178 163 2 220 158 373 0
179 40 691 168 833 277 0
179 41 2 184 252 327 0
179 42 2 183 356 297 0
179 45 289 166 470 239 0
179 55 660 178 722 228 0
179 163 2 226 102 373 0
180 40 697 166 853 286 0
180 41 2 185 212 348 0
180 42 2 184 334 310 0
180 43 98 185 369 280 0
180 44 190 181 392 259 0
180 45 273 164 463 242 0
180 46 258 176 422 250 0
180 47 677 183 770 246 0
180 48 318 166 452 232 0
180 50 357 174 487 223 0
180 54 641 179 681 210 0
180 55 663 178 728 229 0
180 163 2 233 25 373 0
181 40 705 164 878 296 0
181 41 2 186 161 373 0
181 42 2 185 308 326 0
181 43 54 186 352 289 0
181 44 160 181 378 265 0
181 45 254 163 456 244 0
181 46 237 176 413 255 0
181 47 682 182 781 249 0
181 48 304 165 445 234 0
181 50 348 173 484 224 0
181 54 643 178 684 210 0
181 55 666 177 734 231 0
182 40 714 162 909 308 0
182 41 2 188 94 373 0
182 42 2 186 276 346 0
182 43 2 186 331 299 0
182 44 125 180 362 270 0
182 45 234 161 448 247 0
182 46 213 175 402 260 0
182 47 687 181 794 253 0
182 48 289 164 439 237 0
182 50 338 172 480 225 0
182 54 645 177 687 210 0
182 55 669 177 742 233 0
183 40 723 159 949 324 0
183 42 2 187 237 373 0
183 43 2 187 304 314 0
183 44 84 179 344 277 0
183 45 211 159 439 251 0
183 46 185 174 390 265 0
183 47 693 180 809 257 0
183 48 272 163 431 239 0
183 50 328 171 475 227 0
183 54 647 176 691 210 0
183 55 673 176 750 235 0
184 40 734 155 1001 345 0
184 42 2 188 186 373 0
184 43 2 189 271 333 0
184 44 36 178 323 286 0
184 45 186 157 431 255 0
184 46 153 172 375 271 0
184 47 700 179 826 262 0
184 48 254 161 422 243 0
184 50 316 170 471 229 0
184 54 649 174 694 210 0
184 55 677 175 759 238 0
185 40 748 150 1071 373 0
185 42 2 190 119 373 0
185 43 2 191 230 357 0
185 44 2 178 298 297 0
185 45 158 155 421 260 0
185 46 116 171 359 277 0
185 47 707 177 846 268 0
185 48 233 160 413 246 0
185 50 303 170 466 231 0
185 54 651 173 698 209 0
185 55 682 174 770 240 0
186 40 764 143 1171 373 0
186 43 2 194 178 373 0
186 44 2 178 268 311 0
186 45 126 153 410 266 0
186 46 70 173 339 290 0
186 47 715 183 868 283 0
186 48 209 158 402 250 0
186 50 289 169 460 233 0
186 54 653 171 702 209 0
186 55 687 173 781 243 0
187 40 785 139 1240 373 0
187 43 2 197 110 373 0
187 44 2 185 230 337 0
187 45 89 158 398 280 0
187 46 16 176 316 305 0
187 47 724 189 895 301 0
187 48 184 163 391 261 0
187 50 272 176 454 244 0
187 54 656 180 707 219 0
187 55 691 181 793 257 0
188 40 812 133 1240 373 0
188 44 2 193 183 371 0
188 45 45 164 384 297 0
188 46 2 186 286 331 0
188 47 734 196 928 323 0
188 48 155 169 378 273 0
188 50 254 184 446 256 0
188 54 660 188 713 230 0
188 55 696 190 806 273 0
189 40 848 119 1240 373 0
189 44 2 203 122 373 0
189 45 2 161 364 308 0
189 46 2 189 249 353 0
189 47 749 201 975 350 0
189 48 122 175 363 288 0
189 50 233 187 437 263 0
189 54 661 193 716 237 0
189 55 700 194 821 285 0
190 40 900 53 1240 373 0
190 45 2 156 340 320 0
190 46 2 184 203 373 0
190 47 758 193 1026 362 0
190 48 74 170 342 293 0
190 49 183 187 399 277 0
190 50 211 182 428 263 0
190 52 349 187 484 236 0
190 53 401 177 506 227 0
190 54 663 190 721 236 0
190 55 708 190 841 289 0
190 56 646 185 686 220 0
191 40 981 2 1240 373 0
191 45 2 151 311 336 0
191 46 2 178 144 373 0
191 47 778 195 1107 373 0
191 48 16 163 317 300 0
191 49 148 182 383 278 0
191 50 186 178 419 263 0
191 52 337 180 479 232 0
191 53 393 173 502 224 0
191 54 665 184 726 231 0
191 55 715 186 864 292 0
191 56 647 178 688 214 0
192 45 2 143 274 356 0
192 46 2 171 70 373 0
192 47 803 198 1224 373 0
192 48 2 155 289 308 0
192 49 107 177 364 281 0
192 50 155 172 406 265 0
192 52 324 173 473 226 0
192 53 384 168 498 221 0
192 54 667 178 731 227 0
192 55 723 183 890 300 0
192 56 648 173 690 210 0
193 45 2 134 228 373 0
193 47 835 201 1240 373 0
193 48 2 145 255 317 0
193 49 57 175 343 290 0
193 50 118 166 391 266 0
193 52 309 173 466 229 0
193 53 375 163 493 218 0
193 54 669 177 737 228 0
193 55 732 180 923 308 0
193 56 649 170 693 208 0
194 47 879 206 1240 373 0
194 48 2 143 215 340 0
194 49 2 178 318 305 0
194 50 78 167 375 275 0
194 52 294 173 459 232 0
194 53 365 164 489 221 0
194 54 671 179 743 233 0
194 55 744 183 964 329 0
194 56 650 169 696 209 0
195 47 942 213 1240 373 0
195 48 2 141 163 371 0
195 49 2 180 288 322 0
195 50 30 168 357 286 0
195 52 277 173 451 236 0
195 53 355 165 484 225 0
195 54 674 182 750 238 0
195 55 758 186 1019 356 0
195 56 650 174 697 215 0
196 48 2 139 96 373 0
196 49 2 180 251 344 0
196 50 2 170 336 300 0
196 52 257 173 442 239 0
196 53 344 166 479 229 0
196 54 677 184 758 244 0
196 55 775 190 1092 373 0
196 56 652 176 701 219 0
197 49 2 179 204 369 0
197 50 2 168 309 313 0
197 52 236 174 433 244 0
197 53 331 165 473 231 0
197 54 680 183 766 247 0
197 55 793 191 1194 373 0
197 56 653 175 704 219 0
198 49 2 178 143 373 0
198 50 2 166 275 330 0
198 52 212 174 422 249 0
198 53 317 164 466 233 0
198 54 683 182 776 250 0
198 55 817 191 1240 373 0
198 56 656 173 709 219 0
199 50 2 163 233 351 0
199 52 185 173 410 253 0
199 53 300 164 459 236 0
199 54 686 183 786 255 0
199 55 849 192 1240 373 0
199 56 655 172 711 220 0
200 50 2 160 180 373 0
200 51 2 181 238 318 0
200 52 154 172 397 257 0
200 53 282 164 450 241 0
200 54 690 183 798 260 0
200 55 892 194 1240 373 0
200 56 656 173 714 222 0
200 59 369 175 495 221 0
200 61 648 179 693 211 0
200 62 640 175 672 204 0
201 50 2 155 111 373 0
201 51 2 181 196 337 0
201 52 117 174 381 267 0
201 53 262 164 441 245 0
201 54 694 184 811 267 0
201 55 955 196 1240 373 0
201 56 656 174 718 225 0
201 59 358 175 490 222 0
201 61 648 180 695 213 0
201 62 640 176 673 206 0
202 51 2 182 142 362 0
202 52 73 177 363 278 0
202 53 240 164 430 250 0
202 54 698 185 827 275 0
202 56 657 175 723 228 0
202 59 348 176 486 226 0
202 61 649 181 697 215 0
202 62 640 176 673 208 0
203 52 14 181 336 291 0
203 53 214 164 419 256 0
203 54 703 186 845 284 0
203 56 658 176 727 232 0
203 59 336 177 481 229 0
203 61 649 182 700 218 0
203 62 640 177 674 209 0
204 52 2 182 318 304 0
204 53 188 163 407 261 0
204 54 709 187 870 296 0
204 56 659 178 733 237 0
204 59 323 178 475 233 0
204 61 650 183 702 221 0
204 62 639 178 675 211 0
205 52 2 183 289 320 0
205 53 157 162 394 267 0
205 54 716 188 900 311 0
205 56 663 178 739 239 0
205 59 310 180 469 237 0
205 61 650 184 705 224 0
205 62 640 179 677 212 0
206 52 2 184 254 341 0
206 53 120 160 380 275 0
206 54 724 190 938 330 0
206 56 666 178 746 243 0
206 59 295 181 463 241 0
206 61 652 184 709 225 0
206 62 642 179 680 214 0
207 52 2 186 210 368 0
207 53 78 159 363 283 0
207 54 734 192 988 355 0
207 56 669 178 753 247 0
207 59 278 181 456 244 0
207 61 654 184 714 227 0
207 62 643 179 682 215 0
208 52 2 188 153 373 0
208 53 27 157 343 293 0
208 54 746 195 1055 373 0
208 56 673 178 761 251 0
208 59 259 181 448 248 0
208 61 656 184 718 228 0
208 62 644 179 685 216 0
209 53 2 155 318 307 0
209 54 767 196 1148 373 0
209 56 677 178 770 256 0
209 59 238 181 439 252 0
209 61 658 184 724 230 0
209 62 646 179 688 218 0
210 53 2 154 289 324 0
210 54 793 197 1240 373 0
210 56 681 177 781 259 0
210 57 82 187 350 291 0
210 58 198 186 400 269 0
210 59 215 181 429 256 0
210 61 660 184 730 232 0
210 62 647 179 691 218 0
210 65 427 173 502 215 0
210 67 464 182 532 209 0
211 53 2 152 252 345 0
211 54 827 199 1240 373 0
211 56 685 176 794 264 0
211 57 30 188 327 302 0
211 58 165 187 385 277 0
211 59 188 181 418 261 0
211 61 664 183 738 234 0
211 62 648 178 694 219 0
211 65 423 171 501 214 0
211 67 461 182 531 209 0
212 53 2 150 207 373 0
212 54 873 202 1240 373 0
212 56 690 175 810 271 0
212 57 2 189 300 317 0
212 58 126 188 367 286 0
212 59 158 182 407 268 0
212 61 668 182 747 236 0
212 62 650 177 697 219 0
212 65 418 169 499 213 0
212 67 458 182 530 210 0
213 53 2 147 148 373 0
213 54 940 206 1240 373 0
213 56 696 174 827 278 0
213 57 2 192 266 336 0
213 58 80 190 346 297 0
213 59 124 182 394 275 0
213 61 671 182 755 239 0
213 62 652 176 701 220 0
213 65 412 171 495 216 0
213 67 454 182 528 211 0
214 56 703 172 849 286 0
214 57 2 195 225 360 0
214 58 26 191 324 309 0
214 59 84 183 379 284 0
214 61 675 183 764 243 0
214 62 654 175 705 221 0
214 65 406 172 492 219 0
214 67 450 182 526 212 0
215 56 710 167 874 292 0
215 57 2 198 173 373 0
215 58 2 192 297 325 0
215 59 36 184 361 294 0
215 61 679 183 775 246 0
215 62 656 175 709 222 0
215 65 400 172 489 220 0
215 67 447 182 525 212 0
216 56 719 168 905 308 0
216 57 2 203 104 373 0
216 58 2 193 263 345 0
216 59 2 184 341 306 0
216 61 684 183 787 251 0
216 62 658 174 714 224 0
216 65 393 171 485 221 0
216 67 442 181 523 213 0
217 56 729 166 944 324 0
217 58 2 195 222 371 0
217 59 2 184 317 320 0
217 61 688 183 801 257 0
217 62 661 174 719 226 0
217 65 385 170 481 223 0
217 67 438 181 521 213 0
218 56 742 168 994 348 0
218 58 2 198 168 373 0
218 59 2 184 288 337 0
218 61 694 184 817 264 0
218 62 663 174 725 228 0
218 65 377 170 477 224 0
218 67 433 180 518 213 0
219 56 757 173 1062 373 0
219 59 2 184 253 359 0
219 61 700 184 836 271 0
219 62 666 173 731 230 0
219 65 368 169 473 226 0
219 67 427 179 516 214 0
220 56 774 165 1162 373 0
220 59 2 183 208 373 0
220 60 2 193 281 321 0
220 61 707 185 858 281 0
220 62 669 173 738 232 0
220 63 303 179 470 238 0
220 65 359 167 468 226 0
220 67 422 178 513 214 0
220 77 646 177 684 207 0
221 56 797 157 1240 373 0
221 59 2 183 150 373 0
221 60 2 193 244 337 0
221 61 715 185 884 291 0
221 62 671 172 744 235 0
221 63 287 178 463 240 0
221 65 348 166 462 227 0
221 67 415 177 510 214 0
221 77 647 176 686 207 0
222 56 827 159 1240 373 0
222 60 2 193 198 359 0
222 61 723 185 916 303 0
222 62 674 171 752 237 0
222 63 269 177 455 243 0
222 65 337 164 457 227 0
222 67 409 176 507 214 0
222 77 648 176 689 208 0
223 56 868 143 1240 373 0
223 60 2 194 139 373 0
223 61 734 185 957 319 0
223 62 678 170 761 240 0
223 63 248 175 447 246 0
223 65 325 161 450 228 0
223 67 401 175 503 215 0
223 77 649 175 691 208 0
224 56 928 99 1240 373 0
224 61 746 184 1011 339 0
224 62 681 169 770 243 0
224 63 225 174 437 249 0
224 65 311 159 443 229 0
224 67 394 174 500 215 0
224 77 650 174 694 208 0
225 61 760 184 1084 368 0
225 62 685 169 781 249 0
225 63 199 172 426 252 0
225 65 296 159 436 233 0
225 67 385 173 496 215 0
225 77 652 173 697 209 0
226 61 778 187 1186 373 0
226 62 690 170 793 255 0
226 63 170 173 414 259 0
226 65 280 159 427 237 0
226 67 377 174 492 218 0
226 77 654 176 701 213 0
227 61 801 192 1240 373 0
227 62 695 170 807 262 0
227 63 135 174 401 267 0
227 65 261 160 418 242 0
227 67 367 175 488 221 0
227 77 655 178 703 215 0
228 61 831 197 1240 373 0
228 62 700 171 823 270 0
228 63 95 176 385 276 0
228 65 241 160 408 247 0
228 67 357 176 483 225 0
228 77 657 179 707 218 0
229 61 871 204 1240 373 0
229 62 706 171 842 279 0
229 63 47 177 367 287 0
229 65 217 160 396 253 0
229 67 346 178 478 228 0
229 77 659 180 711 221 0
230 61 928 215 1240 373 0
230 62 714 168 863 286 0
230 63 2 179 345 300 0
230 64 138 174 391 272 0
230 65 191 160 384 259 0
230 66 249 181 408 243 0
230 67 334 179 473 232 0
230 68 368 178 495 229 0
230 69 383 171 484 220 0
230 70 384 172 508 217 0
230 75 451 161 531 198 0
230 76 573 170 581 189 1
230 77 662 181 715 223 0
230 89 628 175 651 193 0
231 62 724 170 894 301 0
231 63 2 181 319 316 0
231 64 97 175 374 281 0
231 65 162 160 370 266 0
231 66 227 182 397 247 0
231 67 320 180 467 236 0
231 68 357 179 490 232 0
231 69 375 172 480 224 0
231 70 376 172 505 219 0
231 75 447 163 529 201 0
231 76 573 172 581 191 1
231 77 664 181 720 226 0
231 89 628 176 652 194 0
232 62 735 172 932 321 0
232 63 2 183 288 336 0
232 64 47 176 355 292 0
232 65 128 160 354 274 0
232 66 202 183 384 253 0
232 67 305 182 460 240 0
232 68 345 180 485 236 0
232 69 366 174 476 228 0
232 70 367 172 501 222 0
232 75 443 166 527 204 0
232 76 573 174 581 193 1
232 77 667 182 726 229 0
232 89 629 177 654 196 0
233 62 750 174 981 346 0
233 63 2 185 250 362 0
233 64 2 177 332 305 0
233 65 88 161 336 284 0
233 66 176 184 372 258 0
233 67 288 183 453 245 0
233 68 332 180 480 239 0
233 69 357 175 472 232 0
233 70 358 173 498 224 0
233 75 443 166 530 206 0
233 76 573 175 581 195 1
233 77 670 183 732 233 0
233 89 630 178 655 197 0
234 62 767 178 1048 373 0
234 63 2 189 201 373 0
234 64 2 178 305 321 0
234 65 41 161 315 295 0
234 66 146 184 358 264 0
234 67 269 184 444 251 0
234 68 318 181 474 243 0
234 69 346 177 467 236 0
234 70 349 173 494 227 0
234 75 439 168 529 209 0
234 76 573 176 581 197 1
234 77 673 183 739 235 0
234 89 632 179 657 199 0
235 62 784 177 1124 373 0
235 63 2 193 137 373 0
235 64 2 179 272 342 0
235 65 2 159 290 308 0
235 66 111 185 342 272 0
235 67 247 186 435 257 0
235 68 302 181 468 247 0
235 69 335 179 462 241 0
235 70 338 174 490 230 0
235 75 436 170 527 212 0
235 76 573 177 582 198 1
235 77 677 184 746 238 0
235 89 633 179 659 198 0
236 62 805 175 1233 373 0
236 64 2 180 231 369 0
236 65 2 157 259 322 0
236 66 71 186 324 280 0
236 67 222 187 424 262 0
236 68 285 181 461 251 0
236 69 322 179 456 244 0
236 70 326 175 486 233 0
236 75 432 167 526 211 0
236 76 572 177 581 198 1
236 77 681 184 755 241 0
236 89 634 178 660 198 0
237 62 832 173 1240 373 0
237 64 2 182 178 373 0
237 65 2 154 223 341 0
237 66 22 187 303 291 0
237 67 192 187 411 268 0
237 68 265 182 453 256 0
237 69 307 179 449 247 0
237 70 313 175 481 236 0
237 75 429 165 526 210 0
237 76 571 176 580 198 1
237 77 686 184 764 245 0
237 89 635 177 662 197 0
238 62 866 169 1240 373 0
238 65 2 151 177 365 0
238 66 2 189 274 303 0
238 67 158 188 396 276 0
238 68 243 182 445 261 0
238 69 290 179 441 251 0
238 70 298 176 475 240 0
238 75 423 165 523 211 0
238 76 570 176 579 198 1
238 77 691 184 775 249 0
238 89 635 178 663 199 0
239 62 913 162 1240 373 0
239 65 2 147 120 373 0
239 66 2 191 240 319 0
239 67 118 188 379 284 0
239 68 215 182 433 267 0
239 69 271 178 432 255 0
239 70 282 177 469 244 0
239 75 417 166 520 213 0
239 76 569 176 578 199 1
239 77 695 185 786 254 0
239 89 636 180 664 201 0
240 66 2 193 199 338 0
240 67 70 189 359 294 0
240 68 182 183 419 275 0
240 69 250 178 422 260 0
240 70 263 177 462 249 0
240 71 302 178 437 237 0
240 72 347 179 478 230 0
240 73 351 180 488 227 0
240 74 403 176 504 219 0
240 75 410 166 516 215 0
240 76 567 176 577 200 1
240 77 699 185 798 260 0
240 78 760 174 916 236 0
240 84 694 173 777 210 0
240 89 636 181 665 203 0
241 66 2 196 148 364 0
241 67 12 190 335 306 0
241 68 144 184 403 283 0
241 69 224 178 409 266 0
241 70 243 178 454 254 0
241 71 287 178 429 240 0
241 72 335 180 472 234 0
241 73 340 180 482 229 0
241 74 395 176 500 219 0
241 75 403 166 513 217 0
241 76 565 177 575 201 1
241 77 704 186 813 267 0
241 78 768 175 932 240 0
241 84 696 174 782 213 0
241 89 636 181 666 203 0
242 66 2 199 83 373 0
242 67 2 191 307 322 0
242 68 99 184 385 293 0
242 69 194 178 395 272 0
242 70 219 179 445 260 0
242 71 270 178 421 244 0
242 72 321 181 466 237 0
242 73 328 179 477 230 0
242 74 386 175 495 220 0
242 75 396 167 509 219 0
242 76 563 177 574 203 1
242 77 710 187 829 275 0
242 78 775 174 949 243 0
242 84 698 176 786 215 0
242 89 636 180 666 203 0
243 67 2 193 271 341 0
243 68 44 185 363 306 0
243 69 159 178 379 280 0
243 70 191 179 433 265 0
243 71 251 178 412 247 0
243 72 306 181 459 240 0
243 73 315 178 471 232 0
243 74 377 175 490 221 0
243 75 389 165 507 219 0
243 76 561 178 572 204 1
243 77 717 188 849 284 0
243 78 783 174 968 247 0
243 84 700 172 791 212 0
243 89 636 179 667 202 0
244 67 2 195 226 367 0
244 68 2 184 339 319 0
244 69 118 177 360 289 0
244 70 159 178 420 270 0
244 71 229 178 402 252 0
244 72 289 182 451 244 0
244 73 300 177 464 233 0
244 74 367 174 485 223 0
244 75 381 165 503 220 0
244 76 559 178 570 205 1
244 77 724 189 871 294 0
244 78 791 174 989 251 0
244 84 703 171 797 213 0
244 89 636 178 668 201 0
245 67 2 198 169 373 0
245 68 2 184 309 336 0
245 69 68 177 337 299 0
245 70 122 177 406 277 0
245 71 203 177 388 256 0
245 72 270 182 443 248 0
245 73 284 177 457 235 0
245 74 356 173 480 223 0
245 75 372 164 498 222 0
245 76 556 178 568 206 1
245 77 733 190 899 306 0
245 78 801 173 1014 256 0
245 84 705 172 802 215 0
245 89 636 178 668 203 0
246 68 2 183 272 357 0
246 69 9 176 311 312 0
246 70 78 176 389 285 0
246 71 173 175 373 260 0
246 72 249 182 433 252 0
246 73 267 180 449 242 0
246 74 345 172 474 225 0
246 75 362 164 494 224 0
246 76 554 178 566 207 1
246 77 743 191 933 321 0
246 78 812 173 1041 261 0
246 84 707 173 808 218 0
246 89 636 179 669 204 0
247 68 2 182 226 373 0
247 69 2 176 280 328 0
247 70 26 174 369 294 0
247 71 139 174 356 265 0
247 72 224 183 422 258 0
247 73 247 179 441 245 0
247 74 332 170 468 226 0
247 75 351 164 489 226 0
247 76 551 178 563 208 1
247 77 754 192 976 340 0
247 78 825 173 1073 268 0
247 84 710 174 814 220 0
247 89 635 180 669 206 0
248 68 2 181 164 373 0
248 69 2 175 241 349 0
248 70 2 171 348 302 0
248 71 100 173 336 271 0
248 72 197 184 410 264 0
248 73 226 174 431 243 0
248 74 318 169 461 227 0
248 75 338 159 480 224 0
248 76 548 174 561 205 1
248 77 768 193 1032 365 0
248 78 840 173 1110 275 0
248 84 712 170 820 217 0
248 89 635 177 670 203 0
249 69 2 173 193 373 0
249 70 2 166 323 313 0
249 71 53 171 313 278 0
249 72 165 185 396 271 0
249 73 202 170 420 243 0
249 74 303 168 454 228 0
249 75 326 157 475 225 0
249 76 544 172 558 204 1
249 77 786 197 1114 373 0
249 78 856 172 1154 284 0
249 84 715 169 826 218 0
249 89 634 174 670 201 0
250 69 2 172 129 373 0
250 70 2 170 288 337 0
250 71 2 174 286 291 0
250 72 128 187 380 280 0
250 73 173 178 407 256 0
250 74 286 172 445 236 0
250 75 312 162 468 232 0
250 76 540 177 554 210 1
250 77 808 201 1236 373 0
250 78 876 172 1206 294 0
250 79 836 182 1064 273 0
250 80 794 184 969 255 0
250 81 784 179 915 241 0
250 82 739 179 892 237 0
250 83 716 182 856 228 0
250 84 717 172 833 223 0
250 85 414 175 515 209 0
250 86 439 179 526 209 0
250 89 634 179 671 206 0
250 91 627 178 650 197 0
250 107 612 168 627 185 0
251 70 2 176 246 367 0
251 71 2 177 254 306 0
251 72 85 188 362 290 0
251 73 141 179 394 263 0
251 74 267 177 435 244 0
251 75 296 166 461 240 0
251 76 536 183 551 219 1
251 77 838 208 1240 373 0
251 78 903 177 1240 312 0
251 79 852 184 1102 283 0
251 80 804 189 992 266 0
251 81 792 183 931 248 0
251 82 745 185 906 245 0
251 83 720 187 867 236 0
251 84 720 177 841 230 0
251 85 406 183 511 218 0
251 86 433 184 523 216 0
251 89 634 184 672 213 0
251 91 625 182 649 203 0
251 107 611 173 626 190 0
252 70 2 182 192 373 0
252 71 2 180 215 325 0
252 72 33 190 341 302 0
252 73 105 180 378 270 0
252 74 246 182 425 254 0
252 75 279 172 453 249 0
252 76 533 188 548 225 1
252 77 878 216 1240 373 0
252 78 931 176 1240 327 0
252 79 870 186 1146 294 0
252 80 816 193 1018 276 0
252 81 801 187 949 257 0
252 82 751 190 920 255 0
252 83 723 192 877 243 0
252 84 723 182 849 237 0
252 85 399 189 507 225 0
252 86 427 191 519 224 0
252 89 634 189 673 219 0
252 91 624 187 648 208 0
252 107 610 178 625 196 0
253 71 2 184 168 350 0
253 72 2 190 316 314 0
253 73 63 181 361 278 0
253 74 225 181 416 257 0
253 75 261 169 444 250 0
253 76 528 186 544 224 1
253 77 936 228 1240 373 0
253 78 964 175 1240 346 0
253 79 892 188 1200 308 0
253 80 828 191 1048 280 0
253 81 811 186 969 260 0
253 82 757 187 936 255 0
253 83 728 189 889 242 0
253 84 727 179 858 236 0
253 85 391 188 503 225 0
253 86 421 188 516 222 0
253 89 633 187 674 218 0
253 91 623 184 648 205 0
253 107 609 175 625 193 0
254 71 2 189 109 373 0
254 72 2 190 287 328 0
254 73 14 182 340 288 0
254 74 202 180 406 260 0
254 75 240 166 434 252 0
254 76 523 182 541 222 1
254 78 1006 173 1240 371 0
254 79 918 188 1240 321 0
254 80 843 189 1083 284 0
254 81 822 185 992 264 0
254 82 763 183 953 254 0
254 83 732 186 902 242 0
254 84 730 175 867 235 0
254 85 383 183 499 221 0
254 86 414 185 512 220 0
254 89 633 184 674 216 0
254 91 623 181 647 202 0
254 107 609 171 624 189 0
255 72 2 190 251 346 0
255 73 2 183 317 300 0
255 74 173 180 392 265 0
255 75 218 163 424 253 0
255 76 519 178 537 220 1
255 78 1060 171 1240 373 0
255 79 948 188 1240 337 0
255 80 860 186 1125 289 0
255 81 834 182 1018 267 0
255 82 771 179 973 254 0
255 83 737 182 915 241 0
255 84 734 172 878 235 0
255 85 373 182 494 221 0
255 86 407 182 508 218 0
255 89 632 182 675 213 0
255 91 622 177 647 199 0
255 107 608 168 623 186 0
256 72 2 190 207 370 0
256 73 2 184 289 314 0
256 74 140 179 377 271 0
256 75 192 159 412 255 0
256 76 513 178 533 222 1
256 78 1130 168 1240 373 0
256 79 986 188 1240 358 0
256 80 880 182 1174 296 0
256 81 848 179 1047 271 0
256 82 779 180 994 260 0
256 83 742 183 930 244 0
256 84 739 171 890 237 0
256 85 364 180 489 221 0
256 86 399 179 504 215 0
256 89 632 178 676 211 0
256 91 620 176 646 198 0
256 107 607 168 623 186 0
257 72 2 190 151 373 0
257 73 2 185 255 330 0
257 74 102 179 361 278 0
257 75 164 155 399 257 0
257 76 507 178 528 225 1
257 79 1033 188 1240 373 0
257 80 905 183 1236 309 0
257 81 864 181 1081 280 0
257 82 788 180 1019 266 0
257 83 748 183 948 248 0
257 84 743 171 902 239 0
257 85 355 179 485 221 0
257 86 391 179 500 217 0
257 89 631 179 677 212 0
257 91 620 176 646 199 0
257 107 606 168 622 187 0
258 73 2 185 214 351 0
258 74 57 178 341 285 0
258 75 133 154 386 263 0
258 76 501 178 523 228 1
258 79 1094 187 1240 373 0
258 80 934 184 1240 326 0
258 81 882 183 1122 291 0
258 82 800 181 1050 273 0
258 83 755 184 967 253 0
258 84 749 170 917 243 0
258 85 344 180 479 224 0
258 86 382 179 495 219 0
258 89 631 179 678 214 0
258 91 619 176 647 199 0
258 107 605 168 621 187 0
259 73 2 186 162 373 0
259 74 4 178 319 295 0
259 75 97 153 371 270 0
259 76 493 176 518 229 1
259 80 972 185 1240 347 0
259 81 904 185 1170 305 0
259 82 813 181 1085 281 0
259 83 762 184 989 258 0
259 84 756 170 933 247 0
259 85 331 181 472 226 0
259 86 373 180 490 220 0
259 89 631 179 679 214 0
259 91 619 176 647 200 0
259 107 604 168 620 187 0
260 73 2 188 96 373 0
260 74 2 177 293 307 0
260 75 55 151 354 278 0
260 76 485 175 511 231 1
260 80 1019 186 1240 373 0
260 81 933 185 1235 320 0
260 82 829 182 1127 291 0
260 83 770 185 1014 264 0
260 84 763 170 952 251 0
260 85 318 182 465 230 0
260 86 363 180 484 222 0
260 89 631 178 681 215 0
260 91 618 177 647 201 0
260 107 603 168 620 187 0
261 74 2 177 263 321 0
261 75 7 150 335 287 0
261 76 476 176 505 236 1
261 80 1080 188 1240 373 0
261 81 969 186 1240 338 0
261 82 848 183 1177 303 0
261 83 780 185 1043 271 0
261 84 771 170 972 256 0
261 85 305 182 459 232 0
261 86 352 180 479 224 0
261 89 631 178 682 216 0
261 91 618 177 647 201 0
261 107 602 167 619 187 0
262 74 2 177 227 339 0
262 75 2 148 313 299 0
262 76 465 177 497 242 1
262 81 1014 186 1240 362 0
262 82 869 184 1238 317 0
262 83 792 186 1077 278 0
262 84 780 170 995 262 0
262 85 291 182 452 234 0
262 86 340 181 472 227 0
262 89 630 180 684 220 0
262 91 617 177 647 202 0
262 107 602 167 618 187 0
263 74 2 177 182 363 0
263 75 2 145 285 312 0
263 76 453 179 488 249 1
263 81 1071 187 1240 373 0
263 82 896 183 1240 333 0
263 83 805 186 1117 288 0
263 84 791 168 1024 267 0
263 85 276 182 445 237 0
263 86 327 181 466 229 0
263 89 631 180 687 222 0
263 91 617 177 647 203 0
263 107 601 167 618 187 0
264 74 2 176 127 373 0
264 75 2 142 253 328 0
264 76 440 180 479 256 1
264 81 1147 188 1240 373 0
264 82 929 183 1240 355 0
264 83 821 187 1165 299 0
264 84 804 167 1058 274 0
264 85 259 183 437 240 0
264 86 316 181 461 231 0
264 89 631 181 689 224 0
264 91 616 177 648 203 0
264 107 600 167 617 187 0
265 75 2 138 214 348 0
265 76 423 181 468 265 1
265 82 971 183 1240 373 0
265 83 840 188 1223 312 0
265 84 819 165 1097 282 0
265 85 240 183 428 243 0
265 86 305 182 456 234 0
265 89 631 180 692 225 0
265 91 616 177 648 204 0
265 107 599 166 617 187 0
266 75 2 133 166 373 0
266 76 404 182 455 276 1
266 82 1025 182 1240 373 0
266 83 866 188 1240 328 0
266 84 837 163 1144 291 0
266 85 222 183 421 246 0
266 86 288 183 448 238 0
266 89 631 182 695 228 0
266 91 616 177 649 205 0
266 107 598 166 616 187 0
267 75 2 126 105 373 0
267 76 378 183 439 289 1
267 82 1098 182 1240 373 0
267 83 898 188 1240 348 0
267 84 858 161 1200 302 0
267 85 202 182 413 249 0
267 86 275 183 443 240 0
267 89 634 179 701 228 0
267 91 618 175 652 204 0
267 107 600 165 617 186 0
268 76 349 184 421 304 1
268 83 939 188 1240 373 0
268 84 885 158 1240 317 0
268 85 179 182 404 253 0
268 86 261 183 438 243 0
268 89 637 179 707 230 0
268 91 620 174 655 203 0
268 107 601 163 618 184 0
269 76 311 185 400 325 1
269 83 993 188 1240 373 0
269 84 918 154 1240 335 0
269 85 154 182 394 258 0
269 86 245 183 432 246 0
269 89 641 178 715 232 0
269 91 622 172 657 202 0
269 107 604 163 622 184 0
270 76 259 187 374 353 1
270 83 1066 187 1240 373 0
270 84 960 150 1240 359 0
270 85 125 182 383 262 0
270 86 227 183 426 250 0
270 88 319 179 439 230 0
270 89 646 178 724 234 0
270 90 402 177 494 213 0
270 91 626 172 662 203 0
270 107 607 162 625 184 0
271 76 183 189 337 373 1
271 84 1013 143 1240 373 0
271 85 95 184 373 270 0
271 86 207 183 419 254 0
271 88 310 179 435 233 0
271 89 650 177 733 237 0
271 90 399 178 494 216 0
271 91 630 172 668 204 0
271 107 610 161 629 183 0
272 76 60 192 285 373 1
272 84 1084 133 1240 373 0
272 85 60 186 361 279 0
272 86 185 183 411 259 0
272 88 299 178 431 235 0
272 89 656 177 744 239 0
272 90 396 179 494 218 0
272 91 634 173 673 205 0
272 107 613 161 633 183 0
273 76 2 197 203 373 1
273 85 20 188 347 290 0
273 86 160 187 402 268 0
273 88 288 185 426 245 0
273 89 662 181 756 248 0
273 90 392 180 494 220 0
273 91 640 176 680 210 0
273 107 618 165 637 188 0
274 85 2 191 331 302 0
274 86 134 189 394 277 0
274 88 275 187 421 250 0
274 89 670 185 772 258 0
274 90 392 183 498 225 0
274 91 646 180 688 215 0
274 107 622 168 642 191 0
275 85 2 195 313 317 0
275 86 103 193 384 287 0
275 88 264 187 418 254 0
275 89 677 184 788 262 0
275 90 388 182 498 225 0
275 91 651 178 695 214 0
275 107 626 167 647 190 0
276 85 2 196 288 332 0
276 86 67 192 373 295 0
276 88 249 185 412 255 0
276 89 685 182 806 265 0
276 90 384 181 498 225 0
276 91 656 176 701 213 0
276 107 631 164 652 187 0
277 85 2 198 259 351 0
277 86 25 192 361 303 0
277 88 232 183 405 257 0
277 89 694 180 827 269 0
277 90 380 179 498 225 0
277 91 661 173 709 212 0
277 107 636 161 657 185 0
278 85 2 201 223 373 0
278 86 2 191 346 313 0
278 88 210 183 396 262 0
278 89 702 180 848 277 0
278 90 376 178 498 225 0
278 91 666 173 715 213 0
278 107 639 161 660 185 0
279 85 2 204 177 373 0
279 86 2 192 321 328 0
279 88 186 184 385 268 0
279 89 711 181 875 288 0
279 90 369 178 496 227 0
279 91 670 174 722 215 0
279 107 642 161 664 185 0
280 85 2 208 119 373 0
280 86 2 193 292 347 0
280 87 2 195 333 300 0
280 88 158 185 373 274 0
280 89 722 182 908 300 0
280 90 361 178 493 229 0
280 91 675 174 728 218 0
280 92 402 179 510 215 0
280 93 442 176 522 208 0
280 96 670 171 716 212 0
280 107 646 160 668 185 0
281 86 2 194 255 371 0
281 87 2 196 310 312 0
281 88 126 185 359 282 0
281 89 735 182 949 316 0
281 90 352 179 491 232 0
281 91 680 175 736 220 0
281 92 396 179 509 217 0
281 93 439 177 522 209 0
281 96 674 171 722 213 0
281 107 649 161 671 186 0
282 86 2 196 209 373 0
282 87 2 197 282 328 0
282 88 89 186 344 292 0
282 89 750 183 1002 336 0
282 90 343 179 488 235 0
282 91 685 176 744 223 0
282 92 390 179 507 218 0
282 93 437 177 522 210 0
282 96 678 172 728 215 0
282 107 653 161 675 187 0
283 86 2 198 149 373 0
283 87 2 199 248 347 0
283 88 43 184 324 300 0
283 89 764 185 1067 364 0
283 90 333 179 485 238 0
283 91 690 177 753 226 0
283 92 384 179 505 219 0
283 93 434 177 521 212 0
283 96 682 172 734 217 0
283 107 654 162 677 188 0
284 87 2 201 206 372 0
284 88 2 184 298 312 0
284 89 781 187 1158 373 0
284 90 319 180 480 241 0
284 91 696 178 762 229 0
284 92 377 179 503 221 0
284 93 431 178 521 213 0
284 96 686 173 740 220 0
284 107 655 163 678 189 0
285 87 2 204 152 373 0
285 88 2 184 266 328 0
285 89 802 190 1240 373 0
285 90 305 181 474 246 0
285 91 700 177 770 230 0
285 92 370 179 501 223 0
285 93 427 177 520 213 0
285 96 690 174 747 222 0
285 107 656 163 680 190 0
286 88 2 185 228 347 0
286 89 829 194 1240 373 0
286 90 288 181 468 250 0
286 91 704 179 778 235 0
286 92 360 179 496 225 0
286 93 421 178 517 216 0
286 96 693 175 752 226 0
286 107 658 164 682 191 0
287 88 2 185 180 372 0
287 89 865 200 1240 373 0
287 90 270 182 461 255 0
287 91 708 181 787 241 0
287 92 349 179 491 227 0
287 93 414 180 514 219 0
287 96 696 177 759 230 0
287 107 659 165 684 192 0
288 90 250 183 453 261 0
288 91 713 183 798 247 0
288 92 336 180 485 229 0
288 93 407 180 511 221 0
288 96 700 179 765 234 0
288 107 660 169 685 196 0
289 90 223 183 441 267 0
289 91 719 186 809 253 0
289 92 323 180 480 232 0
289 93 399 180 507 223 0
289 96 702 178 771 235 0
289 107 659 168 685 196 0
290 90 192 183 428 273 0
290 91 721 183 819 255 0
290 92 308 180 473 234 0
290 93 391 179 503 222 0
290 95 424 178 530 216 0
290 96 705 177 778 237 0
290 97 680 181 722 212 0
290 98 468 180 549 214 0
290 107 658 167 684 196 0
291 90 156 183 413 280 0
291 91 726 184 833 261 0
291 92 291 181 465 238 0
291 93 380 179 497 224 0
291 95 416 178 525 217 0
291 96 707 177 784 240 0
291 97 680 181 724 213 0
291 98 461 178 545 214 0
291 107 657 167 684 196 0
292 90 114 182 396 289 0
292 91 732 185 848 267 0
292 92 272 182 456 243 0
292 93 368 180 491 227 0
292 95 407 179 520 219 0
292 96 709 178 792 244 0
292 97 681 183 725 216 0
292 98 455 180 541 216 0
292 107 656 166 684 195 0
293 90 63 182 376 299 0
293 91 738 186 865 275 0
293 92 251 183 446 247 0
293 93 356 180 484 229 0
293 95 398 179 515 221 0
293 96 711 178 800 248 0
293 97 681 184 727 218 0
293 98 448 182 537 219 0
293 107 655 167 683 197 0
294 90 2 183 353 312 0
294 91 745 187 886 284 0
294 92 227 184 436 253 0
294 93 342 182 476 233 0
294 95 388 180 510 223 0
294 96 714 178 808 252 0
294 97 681 185 728 220 0
294 98 440 181 533 220 0
294 107 654 168 682 198 0
295 90 2 183 325 329 0
295 91 752 187 909 294 0
295 92 199 186 423 259 0
295 93 327 181 468 235 0
295 95 377 180 504 226 0
295 96 717 179 818 258 0
295 97 680 184 729 221 0
295 98 432 181 528 222 0
295 107 652 167 680 198 0
296 90 2 184 290 351 0
296 91 759 188 937 306 0
296 92 165 185 408 263 0
296 93 310 181 459 238 0
296 95 365 180 497 227 0
296 96 720 178 830 262 0
296 97 679 184 731 221 0
296 98 423 181 523 223 0
296 107 650 166 679 197 0
297 90 2 185 247 373 0
297 91 768 189 971 321 0
297 92 126 185 389 269 0
297 93 291 181 449 241 0
297 95 352 179 491 229 0
297 96 724 178 844 268 0
297 97 679 183 732 221 0
297 98 414 181 517 224 0
297 107 647 164 677 197 0
298 90 2 186 190 373 0
298 91 779 190 1014 339 0
298 92 81 184 369 275 0
298 93 270 180 438 243 0
298 95 338 179 483 230 0
298 96 729 178 860 275 0
298 97 679 183 734 223 0
298 98 404 180 511 225 0
298 107 646 164 677 197 0
299 91 792 191 1069 363 0
299 92 32 185 350 285 0
299 93 247 180 425 247 0
299 95 323 178 475 232 0
299 96 734 177 878 283 0
299 97 679 183 737 224 0
299 98 393 180 506 228 0
299 107 645 164 676 197 0
300 91 810 192 1150 373 0
300 92 2 186 327 296 0
300 93 221 179 412 251 0
300 94 276 181 464 244 0
300 95 307 178 467 234 0
300 96 740 176 900 292 0
300 97 680 183 740 226 0
300 98 382 181 500 230 0
300 99 406 172 507 223 0
300 107 643 163 675 197 0
300 108 490 176 557 199 0
300 112 635 162 658 190 0
301 91 834 194 1240 373 0
301 92 2 185 300 306 0
301 93 192 180 398 256 0
301 94 255 181 454 249 0
301 95 289 178 458 238 0
301 96 747 177 927 304 0
301 97 680 183 743 228 0
301 98 370 181 493 233 0
301 99 395 172 500 224 0
301 107 642 163 675 197 0
301 108 486 176 553 199 0
301 112 633 162 657 190 0
302 91 864 197 1240 373 0
302 92 2 183 266 319 0
302 93 160 181 382 263 0
302 94 231 181 444 253 0
302 95 271 179 449 241 0
302 96 756 178 961 320 0
302 97 680 183 747 229 0
302 98 356 182 486 235 0
302 99 385 173 495 227 0
302 107 641 162 674 197 0
302 108 481 177 550 200 0
302 112 632 163 656 191 0
303 91 903 200 1240 373 0
303 92 2 187 226 345 0
303 93 122 181 365 270 0
303 94 204 182 432 258 0
303 95 250 180 439 246 0
303 96 767 180 1004 339 0
303 97 682 184 751 233 0
303 98 341 182 478 238 0
303 99 373 174 489 231 0
303 107 640 163 674 199 0
303 108 477 178 547 202 0
303 112 630 163 655 192 0
304 91 958 205 1240 373 0
304 92 2 193 175 373 0
304 93 78 182 344 279 0
304 94 174 182 420 264 0
304 95 226 180 428 251 0
304 96 780 181 1058 364 0
304 97 683 185 756 237 0
304 98 326 182 470 242 0
304 99 361 175 482 235 0
304 107 639 163 673 200 0
304 108 472 179 544 204 0
304 112 629 165 654 194 0
305 92 2 195 113 373 0
305 93 25 184 320 289 0
305 94 139 183 406 272 0
305 95 200 181 416 256 0
305 96 795 183 1131 373 0
305 97 684 187 762 241 0
305 98 309 182 462 245 0
305 99 348 176 475 239 0
305 107 638 164 673 201 0
305 108 467 180 541 205 0
305 112 629 166 654 196 0
306 93 2 184 294 300 0
306 94 98 184 389 280 0
306 95 171 181 403 261 0
306 96 814 183 1236 373 0
306 97 686 188 768 246 0
306 98 291 183 453 249 0
306 99 336 177 470 243 0
306 107 637 165 673 203 0
306 108 463 181 538 206 0
306 112 628 166 654 196 0
307 93 2 184 263 314 0
307 94 50 185 371 290 0
307 95 138 181 389 266 0
307 96 839 184 1240 373 0
307 97 688 190 775 251 0
307 98 270 183 443 253 0
307 99 317 177 459 246 0
307 107 636 165 673 204 0
307 108 458 181 536 207 0
307 112 627 166 653 197 0
308 93 2 185 225 331 0
308 94 2 186 349 301 0
308 95 99 180 373 273 0
308 96 872 185 1240 373 0
308 97 691 189 783 253 0
308 98 246 183 431 258 0
308 99 299 176 450 249 0
308 107 635 163 673 203 0
308 108 454 180 533 206 0
308 112 626 165 653 196 0
309 93 2 185 178 354 0
309 94 2 186 323 315 0
309 95 54 180 354 281 0
309 96 916 186 1240 373 0
309 97 694 188 793 256 0
309 98 219 180 419 260 0
309 99 279 175 441 253 0
309 107 635 161 674 202 0
309 108 449 179 530 206 0
309 112 626 164 653 196 0
310 93 2 186 119 373 0
310 94 2 186 292 332 0
310 95 2 179 332 290 0
310 96 979 188 1240 373 0
310 97 698 189 805 262 0
310 98 189 181 406 268 0
310 99 257 174 430 257 0
310 100 323 175 455 236 0
310 101 743 187 881 231 0
310 105 390 157 498 214 0
310 107 634 162 674 204 0
310 108 443 178 527 206 0
310 109 467 173 542 203 0
310 112 625 162 653 195 0
311 94 2 187 253 354 0
311 95 2 179 306 301 0
311 97 702 190 818 269 0
311 98 154 183 390 276 0
311 99 231 172 417 261 0
311 100 307 177 446 241 0
311 101 748 187 892 233 0
311 105 381 159 494 218 0
311 107 634 162 675 205 0
311 108 437 179 524 207 0
311 109 462 174 539 205 0
311 112 624 163 652 196 0
312 94 2 188 205 373 0
312 95 2 179 275 316 0
312 97 707 192 833 276 0
312 98 113 181 372 283 0
312 99 202 172 403 267 0
312 100 290 176 437 243 0
312 101 754 187 904 236 0
312 105 372 158 489 218 0
312 107 633 163 675 207 0
312 108 431 179 520 209 0
312 109 459 172 538 204 0
312 112 622 164 651 197 0
313 94 2 188 142 373 0
313 95 2 179 238 334 0
313 97 713 191 851 283 0
313 98 63 183 351 295 0
313 99 168 171 388 274 0
313 100 270 175 427 246 0
313 101 759 188 918 238 0
313 105 363 154 484 217 0
313 107 633 160 676 205 0
313 108 426 177 517 208 0
313 109 455 171 536 204 0
313 112 622 162 651 196 0
314 95 2 180 191 359 0
314 97 720 191 872 292 0
314 98 5 182 327 306 0
314 99 128 170 369 283 0
314 100 249 173 417 249 0
314 101 766 189 933 242 0
314 105 352 156 479 221 0
314 107 633 159 678 205 0
314 108 421 175 515 207 0
314 109 451 169 533 203 0
314 112 622 160 651 194 0
315 95 2 180 130 373 0
315 97 728 191 897 302 0
315 98 2 180 297 319 0
315 99 80 169 348 292 0
315 100 224 171 405 252 0
315 101 774 189 950 246 0
315 105 342 152 474 220 0
315 107 633 155 679 202 0
315 108 415 173 512 206 0
315 109 447 168 531 202 0
315 112 622 157 652 193 0
316 97 737 191 928 314 0
316 98 2 182 259 340 0
316 99 23 168 323 304 0
316 100 198 173 393 259 0
316 101 782 190 969 250 0
316 105 332 150 469 221 0
316 107 633 154 681 202 0
316 108 410 173 509 206 0
316 109 442 166 529 201 0
316 112 622 156 653 192 0
317 97 748 190 967 330 0
317 98 2 185 213 369 0
317 99 2 168 296 320 0
317 100 168 176 379 268 0
317 101 790 191 990 255 0
317 105 320 150 464 223 0
317 107 633 155 682 206 0
317 108 404 173 507 207 0
317 109 439 169 528 205 0
317 112 623 157 654 193 0
318 97 766 198 1022 361 0
318 98 2 193 152 373 0
318 99 2 167 262 339 0
318 100 133 178 364 278 0
318 101 800 193 1014 260 0
318 105 308 157 458 234 0
318 107 635 161 686 212 0
318 108 397 180 504 215 0
318 109 436 173 527 210 0
318 112 624 162 656 199 0
319 97 785 200 1094 373 0
319 99 2 166 221 364 0
319 100 93 179 346 288 0
319 101 813 192 1044 264 0
319 105 294 159 452 239 0
319 107 637 161 689 215 0
319 108 390 182 500 219 0
319 109 432 176 525 214 0
319 112 625 164 657 203 0
320 97 808 202 1197 373 0
320 99 2 165 168 373 0
320 100 45 180 326 299 0
320 101 827 192 1078 269 0
320 102 807 180 988 257 0
320 103 725 176 872 232 0
320 104 331 199 430 247 0
320 105 279 155 445 240 0
320 107 639 161 693 216 0
320 108 386 182 499 220 0
320 109 427 173 524 213 0
320 112 625 164 659 203 0
320 121 505 166 566 195 0
321 97 837 205 1240 373 0
321 99 2 163 99 373 0
321 100 2 179 302 311 0
321 101 843 191 1118 275 0
321 102 820 178 1015 260 0
321 103 733 170 887 229 0
321 104 316 197 422 248 0
321 105 262 151 438 240 0
321 107 641 157 697 214 0
321 108 379 178 496 217 0
321 109 422 171 521 211 0
321 112 626 158 660 198 0
321 121 505 164 567 194 0
322 97 876 209 1240 373 0
322 100 2 178 273 325 0
322 101 862 190 1165 282 0
322 102 835 173 1046 262 0
322 103 739 169 900 231 0
322 104 299 196 413 249 0
322 105 243 149 430 243 0
322 107 643 153 701 212 0
322 108 371 175 494 216 0
322 109 418 170 520 211 0
322 112 627 157 662 198 0
322 121 504 162 567 192 0
323 100 2 176 238 342 0
323 101 884 189 1221 290 0
323 102 851 173 1082 268 0
323 103 745 169 915 234 0
323 104 279 197 401 254 0
323 105 222 144 421 243 0
323 107 644 152 705 213 0
323 108 364 175 491 216 0
323 109 413 168 518 211 0
323 112 628 155 664 196 0
323 121 504 160 567 191 0
324 100 2 173 195 365 0
324 101 911 192 1240 304 0
324 102 870 173 1124 277 0
324 103 753 169 931 237 0
324 104 255 199 387 260 0
324 105 199 144 411 250 0
324 107 646 150 709 213 0
324 108 355 174 487 217 0
324 109 408 167 517 212 0
324 112 629 156 665 198 0
324 121 503 158 568 189 0
325 100 2 170 139 373 0
325 101 944 195 1240 321 0
325 102 892 174 1174 288 0
325 103 761 168 950 240 0
325 104 228 200 372 266 0
325 105 172 140 399 253 0
325 107 648 149 713 214 0
325 108 346 174 484 220 0
325 109 403 167 515 213 0
325 112 630 156 667 199 0
325 121 502 159 568 190 0
326 101 983 199 1240 344 0
326 102 917 177 1235 303 0
326 103 769 168 970 244 0
326 104 197 203 354 274 0
326 105 141 139 386 259 0
326 107 649 147 718 215 0
326 108 336 176 479 223 0
326 109 397 166 513 214 0
326 112 630 156 669 200 0
326 121 501 159 567 191 0
327 101 1033 204 1240 373 0
327 102 948 173 1240 314 0
327 103 779 168 993 248 0
327 104 160 202 333 280 0
327 105 105 137 371 267 0
327 107 651 146 723 216 0
327 108 324 175 475 224 0
327 109 389 165 510 215 0
327 112 631 156 671 201 0
327 121 500 159 567 192 0
328 101 1098 211 1240 373 0
328 102 985 176 1240 336 0
328 103 790 167 1019 253 0
328 104 115 209 309 296 0
328 105 63 135 354 275 0
328 107 653 145 728 219 0
328 108 312 177 469 229 0
328 109 381 167 506 218 0
328 112 632 156 673 202 0
328 121 498 160 567 192 0
329 102 1031 176 1240 361 0
329 103 801 167 1047 258 0
329 104 61 215 280 312 0
329 105 14 133 335 287 0
329 107 655 144 734 221 0
329 108 298 179 464 233 0
329 109 372 169 503 222 0
329 112 632 155 675 203 0
329 121 497 160 567 193 0
330 102 1089 180 1240 373 0
330 103 813 166 1078 264 0
330 104 2 219 244 329 0
330 105 2 130 311 299 0
330 106 111 183 335 268 0
330 107 657 143 740 224 0
330 108 283 182 458 239 0
330 109 362 170 498 225 0
330 112 633 155 678 204 0
330 113 447 177 512 206 0
330 121 494 161 565 195 0
331 102 1166 179 1240 373 0
331 103 827 165 1115 271 0
331 104 2 225 201 351 0
331 105 2 127 284 315 0
331 106 68 185 314 278 0
331 107 659 142 746 227 0
331 108 266 180 450 240 0
331 109 352 170 494 228 0
331 112 634 155 680 205 0
331 113 443 175 510 205 0
331 121 491 162 563 196 0
332 103 843 165 1157 279 0
332 104 2 230 143 373 0
332 105 2 120 250 332 0
332 106 16 184 290 286 0
332 107 661 141 753 230 0
332 108 246 178 441 241 0
332 109 341 167 490 228 0
332 112 637 152 684 204 0
332 113 439 174 507 205 0
332 121 491 160 564 195 0
333 103 862 164 1208 289 0
333 105 2 110 209 352 0
333 106 2 183 262 296 0
333 107 664 140 762 233 0
333 108 226 179 433 245 0
333 109 330 165 486 228 0
333 112 639 149 688 202 0
333 113 434 172 504 204 0
333 121 490 158 564 194 0
334 103 885 163 1240 301 0
334 105 2 98 157 373 0
334 106 2 182 228 309 0
334 107 667 138 771 236 0
334 108 203 179 424 250 0
334 109 317 165 481 231 0
334 112 640 150 690 204 0
334 113 431 173 503 205 0
334 121 489 156 565 192 0
335 103 913 161 1240 317 0
335 106 2 185 187 328 0
335 107 670 135 782 240 0
335 108 176 179 414 255 0
335 109 303 166 476 236 0
335 112 640 150 692 206 0
335 113 428 173 502 206 0
335 121 487 158 563 194 0
336 103 947 160 1240 336 0
336 106 2 188 137 353 0
336 107 674 132 794 244 0
336 108 144 180 400 260 0
336 109 288 169 471 242 0
336 112 641 150 695 208 0
336 113 423 173 499 208 0
336 121 484 159 562 197 0
337 103 990 158 1240 361 0
337 107 678 129 808 248 0
337 108 111 180 389 267 0
337 109 271 164 465 241 0
337 112 643 150 698 209 0
337 113 418 173 497 209 0
337 121 483 158 563 196 0
338 103 1044 155 1240 373 0
338 107 682 127 823 255 0
338 108 70 180 373 275 0
338 109 252 163 458 245 0
338 112 644 148 702 209 0
338 113 413 174 494 210 0
338 121 482 157 563 196 0
339 107 686 125 840 263 0
339 108 22 181 355 284 0
339 109 230 162 451 249 0
339 112 646 146 705 209 0
339 113 407 174 491 211 0
339 121 482 155 564 195 0
340 107 691 122 860 271 0
340 108 2 181 334 295 0
340 109 206 163 443 255 0
340 111 676 181 751 235 0
340 112 648 146 710 212 0
340 113 402 174 488 213 0
340 114 421 173 518 212 0
340 121 479 157 563 197 0
341 107 696 119 884 282 0
341 108 2 183 309 310 0
341 109 178 164 434 263 0
341 111 680 180 758 237 0
341 112 649 148 713 216 0
341 113 395 174 485 215 0
341 114 416 174 515 213 0
341 121 476 158 561 200 0
342 107 702 115 913 294 0
342 108 2 185 280 328 0
342 109 144 163 422 270 0
342 111 683 182 767 244 0
342 112 649 149 716 220 0
342 113 388 175 481 216 0
342 114 410 174 513 215 0
342 121 473 160 560 202 0
343 107 708 107 947 307 0
343 108 2 187 243 351 0
343 109 104 161 408 277 0
343 111 687 184 776 249 0
343 112 651 148 721 221 0
343 113 380 175 477 218 0
343 114 404 174 510 217 0
343 121 471 159 560 202 0
344 107 714 97 990 323 0
344 108 2 190 197 373 0
344 109 57 159 392 286 0
344 111 691 183 787 252 0
344 112 653 146 725 222 0
344 113 372 176 472 220 0
344 114 397 174 507 218 0
344 121 469 158 560 202 0
345 107 722 85 1046 344 0
345 108 2 194 138 373 0
345 109 2 157 374 296 0
345 111 695 183 799 257 0
345 112 655 144 730 223 0
345 113 363 176 468 222 0
345 114 390 174 504 219 0
345 121 467 158 559 202 0
346 107 731 67 1121 371 0
346 109 2 154 352 309 0
346 111 700 182 812 261 0
346 112 656 142 735 224 0
346 113 354 176 463 224 0
346 114 382 174 500 221 0
346 121 464 157 558 202 0
347 107 741 43 1228 373 0
347 109 2 153 328 327 0
347 111 704 180 826 265 0
347 112 658 141 741 226 0
347 113 344 176 457 226 0
347 114 374 173 497 221 0
347 121 461 156 557 202 0
348 107 755 12 1240 373 0
348 109 2 151 298 350 0
348 111 710 178 844 270 0
348 112 660 139 746 229 0
348 113 332 176 451 229 0
348 114 365 171 493 222 0
348 121 458 155 556 202 0
349 107 772 2 1240 373 0
349 109 2 149 262 373 0
349 111 718 183 867 284 0
349 112 662 137 753 231 0
349 113 320 177 445 231 0
349 114 355 172 488 224 0
349 121 454 154 555 202 0
350 107 793 2 1240 373 0
350 109 2 145 215 373 0
350 110 2 179 265 329 0
350 111 727 187 894 300 0
350 112 664 135 759 234 0
350 113 307 177 438 234 0
350 114 345 172 483 226 0
350 121 450 154 554 203 0
350 122 640 179 676 206 0
351 109 2 141 155 373 0
351 110 2 181 225 353 0
351 111 736 188 925 313 0
351 112 665 133 767 237 0
351 113 292 177 430 237 0
351 114 333 172 478 229 0
351 121 446 154 552 205 0
351 122 641 179 677 208 0
352 110 2 184 174 373 0
352 111 747 190 963 331 0
352 112 667 131 776 241 0
352 113 275 176 421 239 0
352 114 320 173 472 232 0
352 121 442 154 550 206 0
352 122 642 180 680 209 0
353 110 2 187 108 373 0
353 111 759 191 1011 352 0
353 112 670 128 785 244 0
353 113 256 176 411 243 0
353 114 306 173 465 236 0
353 121 438 154 549 207 0
353 122 643 180 682 210 0
354 111 774 193 1075 373 0
354 112 672 125 796 249 0
354 113 235 176 400 246 0
354 114 290 174 458 239 0
354 121 433 154 547 208 0
354 122 644 181 684 212 0
355 111 794 192 1166 373 0
355 112 674 122 808 254 0
355 113 212 175 388 250 0
355 114 273 174 450 243 0
355 121 429 154 545 210 0
355 122 645 181 686 213 0
356 111 818 195 1240 373 0
356 112 678 119 823 260 0
356 113 186 176 375 256 0
356 114 253 174 442 247 0
356 121 424 154 544 211 0
356 122 646 182 688 214 0
357 111 849 198 1240 373 0
357 112 681 115 840 267 0
357 113 156 177 360 262 0
357 114 231 175 432 252 0
357 121 419 154 542 213 0
357 122 647 182 691 216 0
358 111 892 203 1240 373 0
358 112 685 110 860 276 0
358 113 122 178 343 270 0
358 114 207 175 422 257 0
358 121 414 154 540 215 0
358 122 648 183 693 218 0
359 111 952 211 1240 373 0
359 112 690 104 884 286 0
359 113 82 179 324 279 0
359 114 180 175 410 262 0
359 121 408 155 538 217 0
359 122 648 183 696 219 0
360 111 1046 222 1240 373 0
360 112 694 98 912 298 0
360 113 35 181 302 289 0
360 114 150 174 398 267 0
360 115 212 179 431 253 0
360 116 331 183 485 237 0
360 120 416 182 526 219 0
360 121 403 153 536 217 0
360 122 650 182 699 220 0
361 112 701 89 948 311 0
361 113 2 180 276 298 0
361 114 114 173 383 274 0
361 115 186 181 421 259 0
361 116 319 181 480 237 0
361 120 411 180 524 218 0
361 121 397 151 534 217 0
361 122 651 182 702 220 0
362 112 707 78 992 329 0
362 113 2 178 246 309 0
362 114 73 172 367 281 0
362 115 157 180 410 263 0
362 116 306 179 476 238 0
362 120 405 177 522 216 0
362 121 391 149 532 217 0
362 122 653 181 706 221 0
363 112 715 63 1049 351 0
363 113 2 176 210 323 0
363 114 24 171 348 290 0
363 115 124 178 398 268 0
363 116 292 177 471 239 0
363 120 399 176 520 216 0
363 121 384 147 530 217 0
363 122 654 181 709 222 0
364 112 724 44 1126 373 0
364 113 2 174 166 341 0
364 114 2 169 326 300 0
364 115 86 177 384 274 0
364 116 274 173 464 239 0
364 120 392 175 518 216 0
364 121 377 145 528 217 0
364 122 656 180 714 222 0
365 112 735 16 1235 373 0
365 113 2 171 111 364 0
365 114 2 167 301 312 0
365 115 41 175 367 281 0
365 116 255 172 456 242 0
365 120 385 173 516 216 0
365 121 370 142 526 217 0
365 122 658 178 719 223 0
366 112 747 2 1240 373 0
366 114 2 165 270 328 0
366 115 2 174 349 289 0
366 116 233 169 448 243 0
366 120 378 172 513 217 0
366 121 362 140 523 217 0
366 122 661 176 724 223 0
367 112 761 2 1240 373 0
367 114 2 162 232 348 0
367 115 2 174 326 302 0
367 116 209 168 439 247 0
367 120 370 170 510 217 0
367 121 353 137 520 216 0
367 122 663 174 730 223 0
368 112 778 2 1240 373 0
368 114 2 157 184 373 0
368 115 2 175 299 317 0
368 116 181 171 428 255 0
368 120 359 174 506 222 0
368 121 345 139 519 222 0
368 122 665 178 735 229 0
369 112 800 2 1240 373 0
369 115 2 176 266 338 0
369 116 149 177 416 268 0
369 120 348 178 501 228 0
369 121 336 142 517 228 0
369 122 666 181 740 235 0
370 112 829 2 1240 373 0
370 115 2 177 225 364 0
370 116 112 179 402 277 0
370 117 174 178 363 252 0
370 120 335 182 496 235 0
370 121 325 139 513 228 0
370 122 670 185 748 243 0
370 123 742 182 843 224 0
370 166 765 194 829 286 0
371 112 869 2 1240 373 0
371 115 2 178 173 373 0
371 116 68 176 386 282 0
371 117 144 178 347 258 0
371 120 322 180 490 235 0
371 121 313 136 509 229 0
371 122 672 185 755 245 0
371 123 745 181 850 225 0
371 166 775 193 847 292 0
372 112 925 2 1240 373 0
372 116 16 172 368 289 0
372 117 108 178 329 264 0
372 120 307 177 484 235 0
372 121 300 132 505 229 0
372 122 675 184 764 248 0
372 123 751 178 861 224 0
372 166 788 194 869 303 0
373 116 2 177 346 305 0
373 117 66 178 308 272 0
373 120 292 176 478 238 0
373 121 286 128 500 230 0
373 122 678 184 773 251 0
373 123 756 181 871 229 0
373 166 804 195 896 315 0
374 116 2 170 319 313 0
374 117 17 178 284 281 0
374 120 275 176 472 240 0
374 121 270 124 494 231 0
374 122 681 183 783 255 0
374 123 763 181 884 230 0
374 166 822 196 929 331 0
375 116 2 166 288 329 0
375 117 2 174 257 286 0
375 120 256 175 465 243 0
375 121 254 122 489 234 0
375 122 685 182 795 257 0
375 123 769 178 896 230 0
375 166 844 197 971 350 0
376 116 2 167 248 355 0
376 117 2 169 224 293 0
376 120 235 174 458 246 0
376 121 235 120 483 238 0
376 122 689 180 808 261 0
376 123 776 174 910 229 0
376 166 870 199 1025 373 0
377 116 2 170 198 373 0
377 117 2 168 184 307 0
377 120 211 173 449 250 0
377 121 215 118 477 242 0
377 122 694 178 823 264 0
377 123 784 175 927 233 0
377 166 905 200 1100 373 0
378 116 2 173 133 373 0
378 117 2 171 136 330 0
378 120 184 173 439 256 0
378 121 192 115 470 246 0
378 122 699 182 842 276 0
378 123 794 177 945 237 0
378 166 950 201 1209 373 0
379 117 2 174 75 359 0
379 120 152 173 428 262 0
379 121 166 112 462 251 0
379 122 705 186 864 291 0
379 123 804 178 965 242 0
379 166 1012 203 1240 373 0
380 118 2 172 219 334 0
380 119 4 163 241 289 0
380 120 116 174 415 270 0
380 121 138 107 454 256 0
380 122 713 186 891 301 0
380 123 815 179 988 248 0
380 126 329 173 476 226 0
380 146 632 177 656 195 0
380 147 485 171 553 196 0
380 150 679 175 754 203 0
380 157 719 174 812 212 0
380 166 1101 205 1240 373 0
381 118 2 175 171 362 0
381 119 2 162 207 302 0
381 120 73 174 401 279 0
381 121 105 101 445 261 0
381 122 721 186 924 315 0
381 123 828 181 1013 254 0
381 126 317 172 471 227 0
381 146 632 176 658 194 0
381 147 482 170 551 196 0
381 150 682 175 759 204 0
381 157 722 173 819 213 0
382 119 2 161 165 318 0
382 120 22 175 384 289 0
382 121 68 95 435 267 0
382 122 731 186 965 331 0
382 123 842 180 1043 258 0
382 126 303 171 465 228 0
382 146 633 175 659 194 0
382 147 479 170 550 195 0
382 150 684 175 763 205 0
382 157 727 173 826 214 0
383 119 2 159 115 339 0
383 120 2 170 365 297 0
383 121 24 88 423 273 0
383 122 743 186 1018 352 0
383 123 858 180 1077 263 0
383 126 289 169 459 229 0
383 146 634 174 661 193 0
383 147 476 169 549 195 0
383 150 687 173 768 203 0
383 157 731 172 834 215 0
384 120 2 170 342 311 0
384 121 2 79 410 281 0
384 122 757 186 1090 373 0
384 123 877 179 1117 269 0
384 126 273 168 453 231 0
384 146 635 173 662 193 0
384 147 473 168 547 195 0
384 150 689 172 773 204 0
384 157 736 171 843 216 0
385 120 2 168 314 328 0
385 121 2 63 393 284 0
385 122 774 190 1196 373 0
385 123 898 184 1164 283 0
385 126 256 167 447 234 0
385 146 636 174 664 195 0
385 147 471 171 546 199 0
385 150 691 173 777 206 0
385 157 741 175 852 222 0
386 120 2 173 279 358 0
386 121 2 57 374 302 0
386 122 795 194 1240 373 0
386 123 922 189 1219 299 0
386 126 236 173 438 244 0
386 146 637 181 665 201 0
386 147 468 174 545 202 0
386 150 693 179 781 212 0
386 157 746 180 862 228 0
387 120 2 175 235 373 0
387 121 2 53 352 327 0
387 122 822 200 1240 373 0
387 123 951 199 1240 323 0
387 126 213 180 429 255 0
387 146 637 187 666 208 0
387 147 465 181 544 210 0
387 150 697 186 788 221 0
387 157 752 185 873 235 0
388 121 2 47 324 358 0
388 122 859 208 1240 373 0
388 123 985 205 1240 346 0
388 126 187 187 419 268 0
388 146 638 192 668 215 0
388 147 462 188 543 217 0
388 150 701 191 795 227 0
388 157 758 190 885 243 0
389 121 2 24 290 373 0
389 122 911 219 1240 373 0
389 123 1027 206 1240 366 0
389 126 158 185 407 272 0
389 146 639 190 669 213 0
389 147 460 188 543 218 0
389 150 701 190 798 227 0
389 157 764 187 897 242 0
390 123 1079 202 1240 373 0
390 125 852 188 1212 296 0
390 126 124 184 393 276 0
390 146 640 185 671 208 0
390 147 456 182 541 213 0
390 150 704 185 804 223 0
390 154 335 185 486 241 0
390 156 231 184 446 260 0
390 157 770 183 910 241 0
390 158 795 188 954 248 0
391 123 1146 191 1240 373 0
391 125 872 183 1240 302 0
391 126 84 182 378 281 0
391 146 641 181 673 204 0
391 147 452 177 539 208 0
391 150 708 180 811 218 0
391 154 321 184 481 243 0
391 156 207 180 437 261 0
391 157 777 179 924 239 0
391 158 803 188 972 251 0
392 125 896 185 1240 317 0
392 126 32 179 355 287 0
392 146 641 180 673 204 0
392 147 446 176 535 208 0
392 150 709 179 816 219 0
392 154 306 184 474 246 0
392 156 177 181 426 268 0
392 157 784 180 939 243 0
392 158 812 189 991 255 0
393 125 924 186 1240 335 0
393 126 2 176 339 294 0
393 146 640 182 674 206 0
393 147 441 177 533 210 0
393 150 711 180 822 222 0
393 154 289 184 467 249 0
393 156 143 182 412 276 0
393 157 792 181 956 247 0
393 158 822 189 1013 260 0
394 125 959 188 1240 359 0
394 126 2 177 314 308 0
394 146 640 183 674 208 0
394 147 436 177 531 212 0
394 150 713 182 828 225 0
394 154 270 184 459 253 0
394 156 102 183 397 285 0
394 157 800 182 974 252 0
394 158 833 190 1038 265 0
395 125 1002 191 1240 373 0
395 126 2 178 283 325 0
395 146 639 185 675 211 0
395 147 431 178 529 213 0
395 150 716 184 835 228 0
395 154 249 184 450 257 0
395 156 54 184 380 295 0
395 157 810 182 995 257 0
395 158 847 190 1067 270 0
396 125 1059 194 1240 373 0
396 126 2 180 246 347 0
396 146 639 184 675 210 0
396 147 425 178 525 214 0
396 150 719 183 843 229 0
396 154 224 183 440 261 0
396 156 2 185 359 308 0
396 157 820 183 1018 263 0
396 158 861 190 1098 277 0
397 126 2 182 199 373 0
397 146 638 183 675 210 0
397 147 418 178 521 215 0
397 150 722 182 851 230 0
397 154 195 184 427 268 0
397 156 2 186 334 324 0
397 157 832 183 1044 269 0
397 158 877 190 1136 285 0
398 126 2 184 140 373 0
398 146 637 182 675 209 0
398 147 410 178 517 217 0
398 150 725 182 860 232 0
398 154 162 185 413 276 0
398 156 2 187 304 343 0
398 157 845 183 1074 275 0
398 158 897 191 1181 294 0
399 146 635 183 675 211 0
399 147 402 178 513 218 0
399 150 729 182 870 234 0
399 154 123 187 397 285 0
399 156 2 189 267 368 0
399 157 861 183 1109 282 0
399 158 920 191 1235 304 0
400 146 634 184 675 213 0
400 147 394 178 508 219 0
400 150 733 182 880 236 0
400 152 202 171 419 258 0
400 153 143 182 408 270 0
400 154 76 188 378 296 0
400 155 2 188 280 322 0
400 156 2 192 220 373 0
400 157 878 183 1151 291 0
400 158 947 191 1240 318 0
401 146 635 184 676 214 0
401 147 387 181 505 223 0
401 150 737 181 892 239 0
401 152 172 171 405 263 0
401 153 102 183 393 278 0
401 154 20 190 356 309 0
401 155 2 189 243 342 0
401 156 2 194 160 373 0
401 157 898 183 1199 301 0
401 158 981 192 1240 334 0
402 146 635 183 678 214 0
402 147 378 180 500 224 0
402 150 742 181 905 241 0
402 152 141 170 392 269 0
402 153 55 184 375 289 0
402 154 2 191 332 323 0
402 155 2 190 196 367 0
402 157 925 182 1240 313 0
402 158 1023 192 1240 356 0
403 146 635 183 679 215 0
403 147 369 179 496 225 0
403 150 748 181 920 244 0
403 152 105 170 378 276 0
403 153 2 186 354 301 0
403 154 2 192 303 341 0
403 155 2 192 137 373 0
403 157 957 182 1240 328 0
403 158 1077 193 1240 373 0
404 146 636 183 681 215 0
404 147 359 178 491 226 0
404 150 755 181 938 248 0
404 152 63 169 362 285 0
404 153 2 187 331 315 0
404 154 2 194 267 364 0
404 157 995 182 1240 347 0
404 158 1147 194 1240 373 0
405 146 636 182 683 215 0
405 147 348 177 485 227 0
405 150 763 181 957 252 0
405 152 14 168 343 294 0
405 153 2 189 302 332 0
405 154 2 196 222 373 0
405 157 1044 181 1240 373 0
406 146 637 182 686 217 0
406 147 339 178 482 229 0
406 150 772 181 979 256 0
406 152 2 168 321 306 0
406 153 2 191 268 354 0
406 154 2 199 163 373 0
406 157 1106 180 1240 373 0
407 146 639 182 690 218 0
407 147 328 178 477 231 0
407 150 782 180 1004 261 0
407 152 2 168 295 321 0
407 153 2 193 225 373 0
408 146 641 183 693 220 0
408 147 316 178 472 234 0
408 150 794 181 1034 267 0
408 152 2 167 265 340 0
408 153 2 197 170 373 0
409 146 642 183 697 221 0
409 147 303 179 467 237 0
409 150 808 181 1069 275 0
409 152 2 167 228 365 0
410 142 421 178 522 214 0
410 145 637 180 675 208 0
410 146 644 183 701 223 0
410 147 289 179 461 240 0
410 149 54 186 350 290 0
410 150 823 182 1110 283 0
410 151 2 194 277 325 0
410 152 2 167 182 373 0
411 142 417 177 521 215 0
411 145 640 180 679 209 0
411 146 647 183 706 225 0
411 147 273 180 455 244 0
411 149 3 187 330 301 0
411 150 842 182 1158 294 0
411 151 2 196 244 344 0
411 152 2 167 123 373 0
412 142 412 177 519 216 0
412 145 642 181 682 210 0
412 146 650 183 712 227 0
412 147 257 180 449 248 0
412 149 2 189 307 314 0
412 150 864 183 1217 306 0
412 151 2 199 204 369 0
413 142 406 177 517 217 0
413 145 644 181 686 211 0
413 146 653 183 718 229 0
413 147 238 181 441 252 0
413 149 2 190 279 331 0
413 150 890 183 1240 322 0
413 151 2 203 154 373 0
414 142 400 176 515 218 0
414 145 647 181 690 212 0
414 146 656 184 725 231 0
414 147 217 181 433 257 0
414 149 2 193 245 351 0
414 150 923 183 1240 342 0
415 142 394 176 513 219 0
415 145 649 181 694 214 0
415 146 659 184 732 234 0
415 147 193 182 424 263 0
415 149 2 196 204 373 0
415 150 964 184 1240 366 0
416 142 388 175 511 220 0
416 145 652 181 699 215 0
416 146 663 184 740 237 0
416 147 166 182 414 268 0
416 149 2 199 150 373 0
416 150 1016 184 1240 373 0
417 142 381 175 509 221 0
417 145 655 181 704 216 0
417 146 667 184 749 240 0
417 147 135 181 403 274 0
417 150 1085 185 1240 373 0
418 142 373 175 506 223 0
418 145 658 181 709 217 0
418 146 671 185 758 243 0
418 147 99 181 390 281 0
419 142 365 174 504 224 0
419 145 661 181 714 218 0
419 146 676 185 769 247 0
419 147 57 180 375 289 0
420 137 642 172 674 200 0
420 138 554 177 585 203 0
420 142 356 174 501 227 0
420 144 266 164 456 245 0
420 145 665 181 720 220 0
420 146 681 185 782 252 0
420 147 4 179 356 298 0
421 137 644 172 677 200 0
421 138 554 177 586 203 0
421 142 346 175 497 229 0
421 144 249 163 450 249 0
421 145 668 181 726 222 0
421 146 686 186 795 257 0
421 147 2 180 335 311 0
422 137 646 172 680 201 0
422 138 553 178 587 204 0
422 142 335 175 493 232 0
422 144 228 162 443 253 0
422 145 671 182 732 224 0
422 146 692 187 810 263 0
422 147 2 181 308 327 0
423 137 648 172 683 202 0
423 138 553 178 587 205 0
423 142 323 176 489 236 0
423 144 206 161 435 258 0
423 145 675 182 739 226 0
423 146 698 187 827 270 0
423 147 2 182 275 348 0
424 137 650 172 686 203 0
424 138 553 178 588 206 0
424 142 310 176 485 239 0
424 144 178 160 425 264 0
424 145 678 182 746 229 0
424 146 705 188 847 278 0
424 147 2 183 235 373 0
425 137 653 172 689 204 0
425 138 552 179 588 207 0
425 142 295 176 479 243 0
425 144 146 159 413 271 0
425 145 683 183 755 232 0
425 146 713 189 871 288 0
425 147 2 184 182 373 0
426 137 655 172 693 205 0
426 138 552 179 589 208 0
426 142 277 176 472 246 0
426 144 109 158 400 279 0
426 145 686 184 762 236 0
426 146 720 191 898 301 0
427 137 656 173 695 206 0
427 138 549 180 588 210 0
427 142 258 176 465 251 0
427 144 66 157 384 288 0
427 145 689 185 771 240 0
427 146 729 193 932 317 0
428 137 657 174 697 208 0
428 138 547 180 586 211 0
428 142 236 177 458 255 0
428 144 14 156 366 300 0
428 145 693 187 780 245 0
428 146 739 196 974 337 0
429 137 658 175 700 210 0
429 138 544 181 585 213 0
429 142 211 177 449 261 0
429 144 2 153 342 313 0
429 145 697 188 790 251 0
429 146 751 199 1030 363 0
430 136 455 178 538 207 0
430 137 658 175 701 212 0
430 138 542 182 584 215 0
430 139 340 177 488 228 0
430 141 270 182 456 252 0
430 142 179 177 436 267 0
430 143 41 172 317 281 0
430 144 2 149 314 328 0
430 145 701 190 802 257 0
430 146 765 202 1104 373 0
431 136 450 178 536 208 0
431 137 657 176 702 213 0
431 138 539 183 582 217 0
431 139 326 177 481 230 0
431 141 247 183 446 258 0
431 142 143 176 422 274 0
431 143 2 172 289 293 0
431 144 2 144 279 349 0
431 145 704 190 814 262 0
431 146 780 204 1206 373 0
432 136 444 177 532 208 0
432 137 656 175 702 213 0
432 138 534 181 579 217 0
432 139 310 176 473 232 0
432 141 220 177 433 256 0
432 142 100 176 406 282 0
432 143 2 173 256 307 0
432 144 2 137 235 373 0
432 145 708 190 827 267 0
432 146 799 206 1240 373 0
433 136 437 175 528 207 0
433 137 655 174 703 213 0
433 138 530 180 576 217 0
433 139 293 176 464 234 0
433 141 189 181 419 267 0
433 142 49 176 387 292 0
433 143 2 173 215 325 0
433 144 2 128 178 373 0
433 145 711 190 842 273 0
433 146 823 208 1240 373 0
434 136 430 174 523 206 0
434 137 654 172 703 213 0
434 138 525 179 573 217 0
434 139 274 176 455 238 0
434 141 147 182 398 275 0
434 142 2 176 365 304 0
434 143 2 174 165 347 0
434 145 715 190 858 279 0
434 146 855 211 1240 373 0
435 136 422 175 518 208 0
435 137 653 171 704 213 0
435 138 519 180 569 219 0
435 139 252 177 445 242 0
435 141 110 184 384 285 0
435 142 2 177 338 321 0
435 143 2 174 102 373 0
435 145 719 190 878 287 0
435 146 899 216 1240 373 0
436 136 414 176 513 210 0
436 137 651 172 704 215 0
436 138 512 180 565 221 0
436 139 228 178 434 247 0
436 141 63 185 366 295 0
436 142 2 179 307 342 0
436 145 725 192 902 300 0
437 136 404 177 507 212 0
437 137 650 173 704 218 0
437 138 506 182 561 224 0
437 139 201 179 421 252 0
437 141 4 185 341 307 0
437 142 2 181 268 369 0
437 145 731 195 932 315 0
438 136 394 178 501 215 0
438 137 648 174 705 221 0
438 138 499 183 557 228 0
438 139 170 180 407 258 0
438 141 2 188 311 324 0
438 142 2 184 218 373 0
438 145 738 198 970 335 0
439 136 384 179 494 217 0
439 137 647 175 706 224 0
439 138 492 185 552 232 0
439 139 137 180 393 264 0
439 141 2 189 275 342 0
439 142 2 187 154 373 0
439 145 747 201 1017 359 0
440 136 374 181 488 220 0
440 137 645 177 707 227 0
440 138 484 186 547 236 0
440 139 100 180 378 270 0
440 140 2 187 321 300 0
440 141 2 189 230 365 0
440 145 757 205 1082 373 0
441 136 364 182 482 223 0
441 137 643 178 707 231 0
441 138 475 188 542 240 0
441 139 55 180 360 278 0
441 140 2 186 293 312 0
441 141 2 194 174 373 0
441 145 771 207 1176 373 0
442 136 354 181 477 224 0
442 137 643 177 710 231 0
442 138 468 187 538 242 0
442 139 3 180 339 287 0
442 140 2 185 259 326 0
442 145 789 210 1240 373 0
443 136 344 181 471 224 0
443 137 642 175 712 232 0
443 138 459 187 534 244 0
443 139 2 180 315 298 0
443 140 2 185 219 343 0
443 145 811 213 1240 373 0
444 136 332 180 465 225 0
444 137 642 174 715 233 0
444 138 451 186 530 246 0
444 139 2 183 289 313 0
444 140 2 184 169 366 0
444 145 841 218 1240 373 0
445 136 320 179 459 226 0
445 137 643 172 720 234 0
445 138 440 185 526 248 0
445 139 2 185 258 331 0
445 145 882 224 1240 373 0
446 136 307 178 451 227 0
446 137 645 169 726 235 0
446 138 429 184 520 251 0
446 139 2 188 220 355 0
447 136 293 180 445 231 0
447 137 645 170 731 238 0
447 138 418 184 516 256 0
447 139 2 191 175 373 0
448 136 280 180 439 233 0
448 137 646 170 739 242 0
448 138 406 185 511 262 0
448 139 2 196 117 373 0
449 136 265 180 432 236 0
449 137 647 170 747 246 0
449 138 392 186 506 268 0
450 128 450 165 532 197 0
450 136 249 180 425 238 0
450 137 649 170 756 251 0
450 138 376 187 500 276 0
450 167 597 166 628 193 0
451 128 447 165 531 198 0
451 136 232 180 417 241 0
451 137 650 170 766 256 0
451 138 354 188 492 285 0
451 167 597 166 628 194 0
452 128 444 165 529 198 0
452 136 215 180 409 244 0
452 137 654 170 778 262 0
452 138 333 189 486 296 0
452 167 598 166 629 194 0
453 128 441 165 528 199 0
453 136 195 179 402 247 0
453 137 658 170 791 269 0
453 138 307 190 480 309 0
453 167 598 164 629 193 0
454 128 439 164 528 199 0
454 136 174 179 393 250 0
454 137 664 170 809 277 0
454 138 277 192 472 324 0
454 167 601 164 632 193 0
455 128 439 164 530 200 0
455 136 150 179 383 254 0
455 137 670 171 830 286 0
455 138 238 193 464 344 0
455 167 603 163 636 192 0
456 128 439 167 532 204 0
456 136 125 183 374 263 0
456 137 678 171 854 297 0
456 138 188 195 454 369 0
456 167 607 166 640 196 0
457 128 438 172 533 209 0
457 136 99 188 365 275 0
457 137 686 173 884 312 0
457 138 122 199 442 373 0
457 167 611 171 644 201 0
458 128 440 176 536 213 0
458 136 68 194 356 288 0
458 137 697 176 921 331 0
458 138 31 204 428 373 0
458 167 614 175 649 206 0
459 128 441 176 539 214 0
459 136 34 194 345 295 0
459 137 708 179 967 355 0
459 138 2 209 410 373 0
459 167 620 175 655 207 0
460 127 639 184 673 211 0
460 128 441 172 542 212 0
460 132 380 187 500 231 0
460 133 357 184 480 235 0
460 135 215 190 415 261 0
460 136 2 194 332 303 0
460 137 723 176 1027 373 0
460 138 2 216 387 373 0
460 167 624 171 660 203 0
461 127 644 181 679 207 0
461 128 441 169 544 209 0
461 132 376 185 500 231 0
461 133 351 181 480 233 0
461 135 198 188 410 263 0
461 136 2 194 317 313 0
461 137 740 172 1108 373 0
461 138 2 226 357 373 0
461 167 628 166 665 199 0
462 127 647 179 683 207 0
462 128 441 165 547 207 0
462 132 371 183 500 230 0
462 133 344 181 478 235 0
462 135 172 186 400 265 0
462 136 2 194 294 325 0
462 137 758 171 1220 373 0
462 167 631 165 669 198 0
463 127 650 178 687 206 0
463 128 438 164 547 206 0
463 132 366 180 500 229 0
463 133 336 181 476 237 0
463 135 143 184 388 268 0
463 136 2 195 267 341 0
463 137 780 170 1240 373 0
463 167 635 163 673 197 0
464 127 653 178 691 207 0
464 128 435 164 547 207 0
464 132 358 180 497 231 0
464 133 324 180 471 239 0
464 135 110 185 376 276 0
464 136 2 195 234 360 0
464 137 808 168 1240 373 0
464 167 636 163 675 198 0
465 127 655 178 694 208 0
465 128 432 164 546 209 0
465 132 349 181 495 233 0
465 133 311 180 466 242 0
465 135 71 187 361 287 0
465 136 2 196 193 373 0
465 137 846 162 1240 373 0
465 167 638 163 678 198 0
466 127 657 179 698 209 0
466 128 429 165 546 211 0
466 132 340 181 492 236 0
466 133 297 180 460 245 0
466 135 25 190 344 299 0
466 136 2 197 142 373 0
466 137 899 135 1240 373 0
466 167 639 163 680 199 0
467 127 660 179 701 210 0
467 128 426 165 546 212 0
467 132 329 181 488 239 0
467 133 282 180 454 248 0
467 135 2 192 320 311 0
467 167 641 163 683 199 0
468 127 662 179 705 211 0
468 128 422 165 546 214 0
468 132 318 182 485 242 0
468 133 265 180 448 252 0
468 135 2 193 292 327 0
468 167 642 163 686 200 0
469 127 662 180 707 213 0
469 128 413 164 542 215 0
469 132 301 182 477 246 0
469 133 242 180 437 257 0
469 135 2 195 258 346 0
469 167 644 163 688 201 0
470 127 663 180 708 214 0
470 128 405 163 538 215 0
470 129 397 178 527 219 0
470 130 332 180 493 232 0
470 131 310 179 487 240 0
470 132 282 182 468 249 0
470 133 216 180 426 262 0
470 134 2 184 270 314 0
470 135 2 197 216 371 0
470 167 643 163 688 201 0
471 127 663 181 710 216 0
471 128 397 163 534 216 0
471 129 387 177 523 220 0
471 130 318 180 487 234 0
471 131 292 180 480 244 0
471 132 260 182 459 253 0
471 133 186 180 413 268 0
471 134 2 185 234 331 0
471 135 2 200 163 373 0
471 167 641 163 687 202 0
472 127 663 181 711 217 0
472 128 387 161 530 217 0
472 129 377 177 518 221 0
472 130 303 180 480 236 0
472 131 273 181 472 248 0
472 132 236 182 448 258 0
472 133 151 180 398 275 0
472 134 2 186 191 352 0
472 167 640 163 686 203 0
473 127 663 181 713 219 0
473 128 377 160 525 218 0
473 129 366 176 512 222 0
473 130 286 180 472 239 0
473 131 252 182 463 254 0
473 132 209 182 436 263 0
473 133 110 180 380 283 0
473 134 2 188 136 373 0
473 167 638 163 685 203 0
