0 4 491 184 550 229 0
1 4 475 184 542 235 0
2 4 455 183 533 241 0
3 4 428 185 522 254 0
4 4 387 188 506 274 0
5 4 324 192 483 304 0
6 4 222 196 453 351 0
7 4 2 203 403 373 0
8 4 2 217 304 373 0
9 4 2 256 10 373 0
30 1 563 164 590 195 0
31 1 561 163 589 195 0
32 1 559 163 588 196 0
33 1 557 163 586 197 0
34 1 555 162 586 197 0
35 1 553 161 585 197 0
36 1 551 160 584 198 0
37 1 549 158 584 198 0
38 1 546 157 583 198 0
39 1 543 156 582 200 0
40 1 540 155 580 201 0
41 1 536 154 579 203 0
42 1 531 153 577 204 0
43 1 527 152 575 206 0
44 1 521 151 573 208 0
45 1 515 150 571 211 0
46 1 508 148 568 214 0
47 1 500 146 565 217 0
48 1 490 143 562 220 0
49 1 478 140 558 225 0
50 1 464 137 553 230 0
51 1 447 132 548 236 0
52 1 425 127 542 245 0
53 1 396 116 535 254 0
54 1 357 107 526 271 0
55 1 300 91 515 292 0
56 1 208 64 500 327 0
57 1 36 21 478 373 0
58 1 2 2 451 373 0
59 1 2 2 392 373 0
60 1 2 2 289 373 0
61 1 2 2 2 373 0
100 2 499 183 551 222 0
100 3 549 180 575 200 0
101 2 481 184 544 229 0
101 3 544 181 572 202 0
102 2 456 185 534 239 0
102 3 538 181 569 204 0
103 2 419 186 521 255 0
103 3 531 181 567 207 0
104 2 360 189 501 280 0
104 3 523 182 564 211 0
105 2 249 193 470 328 0
105 3 514 184 560 217 0
106 2 2 201 410 373 0
106 3 499 185 554 224 0
107 2 2 221 256 373 0
107 3 480 186 545 232 0
108 2 2 373 2 373 0
108 3 451 187 534 244 0
109 3 406 190 517 264 0
110 3 326 193 489 298 0
111 3 134 199 437 373 0
112 3 2 216 330 373 0
113 3 2 296 2 373 0
