60 1 626 176 654 194 0
61 1 618 175 648 195 0
62 1 610 175 641 196 0
63 1 602 176 634 198 0
64 1 592 176 628 200 0
65 1 581 178 621 204 0
66 1 568 178 613 208 0
67 1 556 179 607 212 0
68 1 539 180 596 217 0
69 1 517 180 582 223 0
70 1 491 181 569 232 0
71 1 456 182 551 244 0
72 1 405 184 530 263 0
73 1 321 187 501 296 0
74 1 137 192 456 373 0
75 1 2 200 375 373 0
110 2 535 180 567 204 0
111 2 527 181 563 208 0
112 2 519 182 559 212 0
113 2 509 183 555 216 0
114 2 497 183 549 220 0
115 2 481 184 541 227 0
116 2 458 185 531 236 0
117 2 427 187 519 249 0
118 2 379 189 502 269 0
119 2 294 192 476 305 0
120 2 108 198 431 373 0
121 2 2 210 345 373 0
122 2 2 246 85 373 0
220 3 556 179 585 202 0
221 3 550 180 581 205 0
222 3 543 181 577 208 0
223 3 534 181 572 211 0
224 3 523 182 566 215 0
225 3 511 182 559 219 0
226 3 494 182 551 225 0
227 3 473 182 541 232 0
228 3 442 183 527 243 0
229 3 400 185 511 261 0
230 3 330 188 487 291 0
230 4 462 180 538 238 0
231 3 188 193 446 351 0
231 4 430 181 525 252 0
232 3 2 203 365 373 0
232 4 378 183 507 276 0
233 4 283 187 477 319 0
234 4 54 193 424 373 0
235 4 2 205 310 373 0
260 5 562 178 589 200 0
261 5 554 177 584 201 0
262 5 547 177 580 203 0
263 5 539 177 575 206 0
264 5 529 178 570 209 0
265 5 516 178 563 213 0
266 5 501 179 555 218 0
267 5 483 180 546 225 0
268 5 459 181 535 234 0
269 5 424 182 521 247 0
270 5 373 184 501 267 0
271 5 283 186 472 302 0
272 5 84 190 422 373 0
273 5 2 199 327 373 0
274 5 2 228 45 373 0
280 6 516 181 562 216 0
281 6 502 182 555 222 0
282 6 484 183 547 229 0
283 6 460 184 537 239 0
284 6 424 186 522 254 0
285 6 368 188 501 277 0
286 6 266 192 471 318 0
287 6 50 198 422 373 0
288 6 2 211 317 373 0
290 7 557 180 580 197 0
291 7 553 180 578 199 0
292 7 549 180 576 201 0
293 7 545 181 574 203 0
294 7 540 181 571 205 0
295 7 534 181 568 207 0
296 7 527 182 564 210 0
297 7 519 182 561 213 0
298 7 509 182 556 216 0
299 7 497 183 551 221 0
300 7 482 183 545 227 0
300 8 557 180 582 198 0
301 7 462 184 537 235 0
301 8 553 181 580 200 0
302 7 434 185 525 246 0
302 8 550 181 579 202 0
303 7 392 186 510 263 0
303 8 545 181 577 204 0
304 7 324 189 487 291 0
304 8 541 181 575 206 0
305 7 190 192 450 346 0
305 8 535 181 572 208 0
306 7 2 201 382 373 0
306 8 528 182 569 211 0
307 7 2 222 211 373 0
307 8 519 182 565 215 0
308 8 508 182 561 219 0
309 8 494 182 557 224 0
310 8 475 183 549 232 0
311 8 448 184 539 243 0
312 8 408 185 525 259 0
313 8 341 188 504 287 0
314 8 205 191 470 343 0
315 8 2 197 410 373 0
316 8 2 212 265 373 0
370 9 537 181 569 204 0
371 9 530 181 566 207 0
372 9 523 181 563 210 0
373 9 514 182 559 214 0
374 9 502 182 554 219 0
375 9 487 183 547 225 0
376 9 466 185 539 234 0
377 9 437 186 527 246 0
378 9 394 188 511 265 0
379 9 319 191 487 297 0
380 9 158 196 445 366 0
381 9 2 206 357 373 0
410 10 494 176 519 217 1
411 10 481 177 511 224 1
412 10 465 177 500 232 1
413 10 443 179 486 243 1
414 10 408 179 464 259 1
415 10 353 180 429 283 1
416 10 250 181 371 328 1
417 10 2 184 251 373 1
