0 1 15 177 114 354 0
0 2 101 185 174 329 0
0 3 808 185 1240 373 0
0 4 254 192 459 329 0
0 5 361 202 494 275 0
0 6 693 183 820 267 0
0 8 482 180 537 221 0
0 9 660 178 711 220 0
0 10 495 171 543 219 0
0 11 647 179 695 214 0
0 13 340 156 470 204 0
0 17 602 169 625 192 0
0 18 718 159 806 194 0
1 1 2 177 53 373 0
1 2 46 186 130 345 0
1 3 826 186 1240 373 0
1 4 221 193 450 343 0
1 5 346 203 488 281 0
1 6 696 183 831 271 0
1 8 477 180 535 222 0
1 9 660 179 713 221 0
1 10 492 165 542 215 0
1 11 646 179 696 215 0
1 13 336 155 467 204 0
1 17 601 169 624 192 0
1 18 718 158 808 193 0
2 1 2 177 2 373 0
2 2 2 187 77 365 0
2 3 848 186 1240 373 0
2 4 181 194 439 360 0
2 5 330 204 482 287 0
2 6 698 182 843 276 0
2 8 473 180 532 224 0
2 9 659 179 714 222 0
2 10 489 165 540 215 0
2 11 646 179 697 215 0
2 13 331 155 465 205 0
2 17 600 168 623 193 0
2 18 719 158 810 193 0
3 1 2 176 2 373 0
3 2 2 188 12 373 0
3 3 875 186 1240 373 0
3 4 133 195 427 373 0
3 5 311 206 475 295 0
3 6 701 182 856 281 0
3 8 468 180 530 225 0
3 9 660 179 717 224 0
3 10 485 164 538 215 0
3 11 646 179 698 216 0
3 13 326 155 462 205 0
3 17 599 168 622 193 0
3 18 719 155 811 191 0
4 2 2 189 2 373 0
4 3 908 186 1240 373 0
4 4 73 197 413 373 0
4 5 290 207 468 303 0
4 6 706 182 873 288 0
4 8 463 180 527 226 0
4 9 661 179 720 225 0
4 10 481 164 536 217 0
4 11 646 179 698 217 0
4 13 321 154 460 206 0
4 17 598 168 621 193 0
4 18 720 156 813 192 0
5 3 952 187 1240 373 0
5 4 2 198 397 373 0
5 5 266 209 460 313 0
5 6 711 183 893 297 0
5 8 458 180 524 228 0
5 9 662 178 723 226 0
5 10 478 164 533 218 0
5 11 646 179 699 218 0
5 13 315 154 457 207 0
5 17 597 168 621 193 0
5 18 720 156 815 193 0
6 3 1011 187 1240 373 0
6 4 2 200 378 373 0
6 5 238 211 451 324 0
6 6 717 183 916 306 0
6 8 452 180 521 229 0
6 9 663 178 726 227 0
6 10 473 164 531 220 0
6 11 647 178 703 219 0
6 13 310 154 455 207 0
6 17 596 167 620 192 0
6 18 721 156 817 193 0
7 3 1095 188 1240 373 0
7 4 2 202 356 373 0
7 5 204 213 441 337 0
7 6 723 183 942 317 0
7 8 448 180 519 231 0
7 9 665 178 730 229 0
7 10 471 164 530 221 0
7 11 649 178 706 220 0
7 13 304 153 452 208 0
7 17 595 166 620 192 0
7 18 722 157 818 195 0
8 3 1223 189 1240 373 0
8 4 2 205 329 373 0
8 5 167 215 432 352 0
8 6 730 184 973 330 0
8 8 443 180 518 232 0
8 9 668 178 735 231 0
8 10 468 162 530 221 0
8 11 651 178 710 221 0
8 13 298 153 449 209 0
8 17 595 165 619 191 0
8 18 724 152 822 191 0
9 3 1240 191 1240 373 0
9 4 2 208 298 373 0
9 5 123 218 421 370 0
9 6 738 184 1011 346 0
9 8 438 180 516 234 0
9 9 670 178 741 232 0
9 10 465 162 529 222 0
9 11 652 178 714 222 0
9 13 292 153 446 209 0
9 17 596 165 620 191 0
9 18 726 153 826 191 0
10 3 1240 216 1240 373 0
10 4 2 212 261 373 0
10 5 68 220 408 373 0
10 6 747 185 1058 366 0
10 7 849 164 1076 233 0
10 8 433 180 513 236 0
10 9 673 178 746 234 0
10 10 462 162 528 224 0
10 11 654 178 718 223 0
10 13 285 152 443 210 0
10 17 597 165 622 191 0
10 18 728 149 830 189 0
11 3 1240 296 1240 373 0
11 4 2 217 213 373 0
11 5 2 224 394 373 0
11 6 757 186 1116 373 0
11 7 859 166 1097 238 0
11 8 428 180 511 238 0
11 9 676 179 752 237 0
11 10 458 160 527 224 0
11 11 656 178 722 224 0
11 13 279 152 440 211 0
11 17 598 165 623 192 0
11 18 731 150 834 190 0
12 3 1240 373 1240 373 0
12 4 2 224 149 373 0
12 5 2 227 377 373 0
12 6 769 186 1192 373 0
12 7 870 168 1121 243 0
12 8 421 180 509 241 0
12 9 680 179 759 239 0
12 10 455 160 526 226 0
12 11 658 177 727 225 0
12 13 273 151 437 212 0
12 17 600 165 625 192 0
12 18 733 149 838 190 0
13 4 2 233 61 373 0
13 5 2 231 358 373 0
13 6 783 187 1240 373 0
13 7 882 165 1146 244 0
13 8 415 180 506 243 0
13 9 683 179 766 241 0
13 10 451 161 525 229 0
13 11 661 177 731 227 0
13 13 266 151 434 212 0
13 17 601 165 626 192 0
13 18 736 149 842 190 0
14 4 2 247 2 373 0
14 5 2 235 337 373 0
14 6 799 188 1240 373 0
14 7 895 164 1174 246 0
14 8 408 180 504 246 0
14 9 687 179 774 244 0
14 10 447 159 524 229 0
14 11 663 177 737 228 0
14 13 259 150 431 213 0
14 17 602 165 628 193 0
14 18 739 148 846 189 0
15 5 2 241 313 373 0
15 6 818 189 1240 373 0
15 7 909 163 1204 250 0
15 8 400 180 501 248 0
15 9 691 179 782 247 0
15 10 443 159 523 231 0
15 11 665 177 742 230 0
15 13 252 150 427 214 0
15 17 604 165 629 193 0
15 18 741 148 850 190 0
16 5 2 247 282 373 0
16 6 840 191 1240 373 0
16 7 925 169 1239 261 0
16 8 392 180 498 251 0
16 9 695 179 791 250 0
16 10 438 156 521 231 0
16 11 668 176 748 231 0
16 13 244 149 424 215 0
16 17 605 165 631 193 0
16 18 744 147 855 190 0
17 5 2 254 244 373 0
17 6 869 193 1240 373 0
17 7 941 169 1240 266 0
17 8 383 181 494 255 0
17 9 699 179 801 254 0
17 10 433 156 519 233 0
17 11 671 177 754 233 0
17 13 236 149 420 216 0
17 17 606 164 632 193 0
17 18 747 147 860 191 0
18 5 2 264 195 373 0
18 6 904 195 1240 373 0
18 7 960 169 1240 273 0
18 8 373 181 491 259 0
18 9 704 179 812 257 0
18 10 427 158 517 238 0
18 11 674 177 761 236 0
18 13 228 148 416 217 0
18 17 607 164 633 193 0
18 18 750 149 865 193 0
19 5 2 278 129 373 0
19 6 952 199 1240 373 0
19 7 981 169 1240 280 0
19 8 363 182 488 264 0
19 9 710 180 824 262 0
19 10 422 156 515 239 0
19 11 677 177 768 238 0
19 13 220 148 413 218 0
19 17 607 165 635 195 0
19 18 753 149 869 194 0
20 5 2 297 36 373 0
20 6 1017 203 1240 373 0
20 7 1004 169 1240 288 0
20 8 351 182 484 269 0
20 9 715 180 836 266 0
20 10 415 159 513 245 0
20 11 680 177 776 241 0
20 13 211 147 408 219 0
20 17 608 166 636 196 0
20 18 756 149 874 194 0
21 5 2 325 2 373 0
21 6 1113 209 1240 373 0
21 7 1030 170 1240 297 0
21 8 338 183 479 275 0
21 9 720 180 849 271 0
21 10 408 157 511 246 0
21 11 684 177 784 243 0
21 13 201 146 404 220 0
21 17 609 165 637 196 0
21 18 758 151 879 198 0
22 6 1240 220 1240 373 0
22 7 1060 170 1240 309 0
22 8 323 183 475 281 0
22 9 725 180 864 277 0
22 10 401 155 508 248 0
22 11 687 178 793 247 0
22 13 191 146 400 221 0
22 17 610 165 638 196 0
22 18 761 149 883 196 0
23 7 1094 170 1240 322 0
23 8 307 184 470 288 0
23 9 732 180 881 284 0
23 10 393 155 505 252 0
23 11 691 178 802 250 0
23 13 181 145 395 223 0
23 17 611 165 639 196 0
23 18 764 149 889 197 0
24 7 1133 168 1240 335 0
24 8 288 185 464 296 0
24 9 739 181 900 291 0
24 10 384 151 503 252 0
24 11 694 178 812 254 0
24 13 169 144 390 224 0
24 17 611 165 641 197 0
24 18 767 146 894 195 0
25 7 1178 167 1240 352 0
25 8 266 186 458 306 0
25 9 746 181 922 300 0
25 10 374 150 499 256 0
25 11 698 179 822 258 0
25 13 158 143 385 225 0
25 17 612 164 642 197 0
25 18 770 147 899 196 0
26 7 1232 165 1240 373 0
26 8 241 187 451 317 0
26 9 755 181 948 310 0
26 10 364 149 496 260 0
26 11 702 179 834 262 0
26 13 145 143 379 227 0
26 17 612 164 643 197 0
26 18 774 146 905 196 0
27 7 1240 162 1240 373 0
27 8 212 188 444 329 0
27 9 765 182 978 321 0
27 10 353 151 493 268 0
27 11 706 179 848 267 0
27 13 132 142 374 229 0
27 17 612 163 643 197 0
27 18 777 147 911 198 0
28 8 178 189 435 344 0
28 9 776 182 1014 335 0
28 10 340 150 489 274 0
28 11 711 180 863 273 0
28 13 119 141 368 230 0
28 17 611 163 643 197 0
28 18 780 147 917 199 0
29 8 136 190 424 361 0
29 9 788 182 1057 352 0
29 10 326 145 484 275 0
29 11 716 180 879 279 0
29 13 104 140 361 232 0
29 17 611 163 643 197 0
29 18 783 145 922 198 0
30 8 84 191 412 373 0
30 9 802 183 1111 372 0
30 10 311 147 480 285 0
30 11 722 181 898 287 0
30 12 717 177 792 239 0
30 13 88 139 354 234 0
30 15 733 164 817 222 0
30 17 610 163 643 198 0
30 18 786 146 928 200 0
30 19 490 174 528 200 0
31 8 21 193 398 373 0
31 9 817 183 1174 373 0
31 10 291 146 474 293 0
31 11 727 181 918 295 0
31 12 722 178 800 243 0
31 13 72 138 347 236 0
31 15 737 162 823 223 0
31 17 610 162 644 198 0
31 18 789 145 933 199 0
31 19 488 175 527 201 0
32 8 2 194 382 373 0
32 9 834 183 1240 373 0
32 10 269 144 467 301 0
32 11 733 181 941 304 0
32 12 726 177 807 244 0
32 13 54 136 340 238 0
32 15 742 162 830 225 0
32 17 609 162 644 199 0
32 18 792 144 939 200 0
32 19 486 175 525 202 0
33 8 2 196 363 373 0
33 9 855 184 1240 373 0
33 10 244 143 459 311 0
33 11 739 182 967 315 0
33 12 730 178 815 249 0
33 13 35 135 332 240 0
33 15 747 163 837 227 0
33 17 609 162 644 199 0
33 18 795 144 945 201 0
33 19 484 176 524 203 0
34 8 2 199 341 373 0
34 9 879 184 1240 373 0
34 10 214 140 451 322 0
34 11 745 183 998 328 0
34 12 735 180 824 255 0
34 13 14 134 323 243 0
34 15 750 165 843 232 0
34 17 608 162 644 200 0
34 18 799 146 952 204 0
34 19 482 176 522 204 0
35 8 2 201 315 373 0
35 9 909 185 1240 373 0
35 10 180 138 442 336 0
35 11 753 183 1035 343 0
35 12 740 179 833 257 0
35 13 2 132 314 245 0
35 15 753 163 849 232 0
35 17 608 162 644 200 0
35 18 802 145 959 204 0
35 19 480 177 521 205 0
36 8 2 205 283 373 0
36 9 947 185 1240 373 0
36 10 139 135 432 351 0
36 11 761 184 1080 362 0
36 12 745 181 844 264 0
36 13 2 131 302 249 0
36 15 757 163 855 235 0
36 17 607 162 644 201 0
36 18 805 144 964 204 0
36 19 477 177 519 206 0
37 8 2 209 243 373 0
37 9 996 186 1240 373 0
37 10 89 131 420 370 0
37 11 771 185 1137 373 0
37 12 749 180 854 267 0
37 13 2 129 289 252 0
37 15 761 163 862 237 0
37 17 607 162 644 201 0
37 18 807 143 970 204 0
37 19 473 177 516 207 0
38 8 2 214 193 373 0
38 9 1062 187 1240 373 0
38 10 28 127 408 373 0
38 11 782 186 1209 373 0
38 12 753 180 866 272 0
38 13 2 127 275 256 0
38 15 765 162 869 239 0
38 17 606 162 644 202 0
38 18 810 142 976 205 0
38 19 468 177 512 207 0
39 8 2 221 126 373 0
39 9 1155 189 1240 373 0
39 10 2 122 392 373 0
39 11 792 186 1240 373 0
39 12 758 180 879 277 0
39 13 2 125 260 260 0
39 15 769 161 877 241 0
39 17 604 162 642 203 0
39 18 812 141 982 204 0
39 19 463 177 508 207 0
40 8 2 231 34 373 0
40 9 1240 191 1240 373 0
40 10 2 115 374 373 0
40 11 804 186 1240 373 0
40 12 763 180 894 284 0
40 13 2 123 244 264 0
40 15 774 160 885 243 0
40 17 601 162 640 203 0
40 18 813 140 986 205 0
40 19 457 176 504 207 0
40 20 394 165 452 208 0
40 22 719 168 772 199 0
40 24 661 150 690 182 0
40 28 624 138 652 182 0
41 10 2 106 353 373 0
41 11 818 187 1240 373 0
41 12 769 182 911 293 0
41 13 2 121 226 269 0
41 15 777 158 890 244 0
41 17 598 162 638 204 0
41 18 815 138 991 204 0
41 19 452 176 500 208 0
41 20 387 164 446 208 0
41 22 718 168 772 200 0
41 24 659 149 688 182 0
41 28 621 138 650 183 0
42 10 2 94 328 373 0
42 11 834 187 1240 373 0
42 12 774 180 930 299 0
42 13 2 119 207 274 0
42 15 779 158 895 248 0
42 17 595 161 636 205 0
42 18 816 139 996 207 0
42 19 446 176 496 208 0
42 20 379 163 440 208 0
42 22 717 168 772 200 0
42 24 657 149 686 182 0
42 28 619 138 648 183 0
43 10 2 75 300 373 0
43 11 854 188 1240 373 0
43 12 779 180 951 307 0
43 13 2 116 186 280 0
43 15 782 156 901 250 0
43 17 592 161 634 205 0
43 18 817 135 1000 204 0
43 19 440 175 492 208 0
43 20 371 163 434 208 0
43 22 716 168 772 200 0
43 24 654 149 684 182 0
43 28 616 137 645 183 0
44 10 2 44 265 373 0
44 11 879 189 1240 373 0
44 12 785 177 976 314 0
44 13 2 113 162 287 0
44 15 786 151 908 250 0
44 17 589 161 632 206 0
44 18 818 131 1005 201 0
44 19 434 175 487 209 0
44 20 363 162 427 208 0
44 22 715 167 773 201 0
44 24 652 148 682 182 0
44 28 614 137 643 183 0
45 10 2 2 226 373 0
45 11 909 192 1240 373 0
45 12 792 177 1005 327 0
45 13 2 109 137 295 0
45 15 790 150 914 255 0
45 17 586 161 629 207 0
45 18 818 130 1010 202 0
45 19 427 174 483 209 0
45 20 355 162 421 209 0
45 22 714 167 773 201 0
45 24 649 148 680 182 0
45 28 611 137 641 183 0
46 10 2 2 178 373 0
46 11 948 193 1240 373 0
46 12 800 183 1040 349 0
46 13 2 105 108 303 0
46 15 794 149 922 259 0
46 17 583 161 627 208 0
46 18 819 129 1015 203 0
46 19 421 175 478 210 0
46 20 347 162 415 210 0
46 22 712 167 773 201 0
46 24 647 148 678 182 0
46 28 608 137 638 184 0
47 10 2 2 115 373 0
47 11 1001 198 1240 373 0
47 12 809 179 1082 361 0
47 13 2 100 76 313 0
47 15 801 149 930 265 0
47 17 579 161 624 208 0
47 18 820 130 1020 205 0
47 19 414 175 473 211 0
47 20 338 162 409 212 0
47 22 711 167 773 202 0
47 24 644 147 676 182 0
47 28 605 136 636 184 0
48 10 2 2 33 373 0
48 11 1073 208 1240 373 0
48 12 819 182 1134 373 0
48 13 2 95 41 325 0
48 15 810 151 944 274 0
48 17 576 161 622 209 0
48 18 822 131 1025 208 0
48 19 408 176 468 213 0
48 20 329 163 402 213 0
48 22 710 166 773 202 0
48 24 642 148 674 182 0
48 28 602 136 633 184 0
49 10 2 2 2 373 0
49 11 1182 203 1240 373 0
49 12 830 181 1200 373 0
49 13 2 89 2 338 0
49 15 819 147 962 277 0
49 17 572 161 619 210 0
49 18 823 131 1031 209 0
49 19 400 176 462 214 0
49 20 320 163 395 214 0
49 22 709 167 773 203 0
49 24 640 148 672 183 0
49 28 598 136 631 185 0
50 12 844 184 1240 373 0
50 13 2 81 2 354 0
50 14 2 189 38 259 0
50 15 829 148 983 286 0
50 17 568 161 616 211 0
50 18 824 129 1037 209 0
50 19 393 177 457 215 0
50 20 310 163 388 216 0
50 21 501 168 537 198 0
50 22 708 167 774 204 0
50 24 637 148 670 184 0
50 25 755 166 823 205 0
50 27 1092 130 1240 192 0
50 28 595 136 628 185 0
50 29 223 192 342 220 0
50 30 167 179 264 219 0
50 32 63 183 151 220 0
50 33 118 183 193 217 0
50 34 90 168 138 204 0
51 12 859 184 1240 373 0
51 13 2 73 2 373 0
51 14 2 190 13 263 0
51 15 841 145 1006 293 0
51 17 565 160 613 212 0
51 18 825 127 1043 209 0
51 19 385 178 451 217 0
51 20 300 164 380 217 0
51 21 497 169 533 199 0
51 22 707 167 774 205 0
51 24 635 149 668 184 0
51 25 754 166 824 206 0
51 27 1097 130 1240 193 0
51 28 592 136 626 186 0
51 29 209 193 334 222 0
51 30 153 180 255 221 0
51 32 47 187 139 225 0
51 33 104 184 181 219 0
51 34 79 168 128 206 0
52 12 878 193 1240 373 0
52 13 2 64 2 373 0
52 14 2 192 2 268 0
52 15 855 146 1033 305 0
52 17 560 160 610 213 0
52 18 827 129 1049 212 0
52 19 377 178 445 218 0
52 20 289 164 373 219 0
52 21 492 169 529 200 0
52 22 706 168 774 206 0
52 24 632 149 666 185 0
52 25 754 166 825 207 0
52 27 1101 130 1240 194 0
52 28 588 136 623 186 0
52 29 195 195 324 224 0
52 30 140 181 245 223 0
52 32 30 191 126 229 0
52 33 89 185 169 221 0
52 34 66 169 117 207 0
53 12 897 187 1240 373 0
53 13 2 52 2 373 0
53 14 2 193 2 274 0
53 15 870 149 1065 321 0
53 17 556 160 606 214 0
53 18 829 129 1056 215 0
53 19 368 179 438 220 0
53 20 278 164 365 221 0
53 21 486 169 525 200 0
53 22 705 168 775 207 0
53 24 629 149 663 185 0
53 25 753 167 826 208 0
53 27 1104 131 1240 197 0
53 28 585 136 620 187 0
53 29 179 196 315 227 0
53 30 125 182 235 226 0
53 32 13 192 113 232 0
53 33 72 186 155 223 0
53 34 52 170 105 208 0
54 12 920 194 1240 373 0
54 13 2 37 2 373 0
54 14 2 195 2 279 0
54 15 883 148 1095 333 0
54 17 551 162 603 218 0
54 18 830 131 1063 219 0
54 19 359 180 432 222 0
54 20 267 165 356 223 0
54 21 481 170 520 201 0
54 22 702 169 774 209 0
54 24 625 149 660 186 0
54 25 753 167 828 210 0
54 27 1108 135 1240 202 0
54 28 581 136 617 188 0
54 29 163 197 304 229 0
54 30 110 184 224 228 0
54 32 2 188 98 229 0
54 33 55 187 142 225 0
54 34 38 170 92 210 0
55 12 947 192 1240 373 0
55 13 2 18 2 373 0
55 14 2 197 2 286 0
55 15 892 142 1131 342 0
55 17 546 162 599 219 0
55 18 832 128 1070 218 0
55 19 350 180 425 224 0
55 20 254 165 347 224 0
55 21 475 170 515 202 0
55 22 700 169 773 210 0
55 24 622 149 657 186 0
55 25 752 167 829 211 0
55 27 1112 131 1240 199 0
55 28 577 136 614 188 0
55 29 147 197 294 231 0
55 30 93 184 212 230 0
55 32 2 189 84 231 0
55 33 37 189 127 228 0
55 34 23 171 79 211 0
56 12 981 196 1240 373 0
56 13 2 2 2 373 0
56 14 2 199 2 293 0
56 15 901 140 1173 359 0
56 17 542 162 595 220 0
56 18 832 127 1075 219 0
56 19 340 181 417 225 0
56 20 241 165 338 226 0
56 21 469 170 510 203 0
56 22 697 170 772 212 0
56 24 619 149 654 186 0
56 25 750 167 828 211 0
56 27 1116 131 1240 200 0
56 28 574 136 610 189 0
56 29 130 198 283 232 0
56 30 75 185 199 232 0
56 32 2 192 67 236 0
56 33 18 189 112 229 0
56 34 7 172 65 213 0
57 12 1023 201 1240 373 0
57 14 2 201 2 301 0
57 15 912 139 1224 373 0
57 17 536 162 590 221 0
57 18 833 128 1081 222 0
57 19 329 182 409 227 0
57 20 227 166 329 228 0
57 21 462 171 504 204 0
57 22 695 171 771 213 0
57 24 614 149 650 187 0
57 25 748 167 828 212 0
57 27 1117 132 1240 202 0
57 28 570 136 606 189 0
57 29 112 199 271 234 0
57 30 57 186 186 234 0
57 32 2 192 50 236 0
57 33 2 190 96 231 0
57 34 2 172 51 214 0
58 12 1077 204 1240 373 0
58 14 2 204 2 309 0
58 15 924 135 1240 373 0
58 17 530 162 585 223 0
58 18 833 127 1087 223 0
58 19 318 182 401 229 0
58 20 214 166 318 230 0
58 21 455 171 499 205 0
58 22 692 171 770 215 0
58 24 610 149 646 187 0
58 25 745 166 827 212 0
58 27 1119 131 1240 202 0
58 28 566 136 602 190 0
58 29 93 199 259 236 0
58 30 37 187 172 237 0
58 32 2 192 32 238 0
58 33 2 191 79 233 0
58 34 2 173 36 216 0
59 12 1150 209 1240 373 0
59 14 2 207 2 319 0
59 15 935 128 1240 373 0
59 17 524 161 581 223 0
59 18 834 124 1093 222 0
59 19 306 183 392 231 0
59 20 200 166 308 232 0
59 21 448 171 492 206 0
59 22 689 172 769 217 0
59 24 605 149 641 187 0
59 25 743 166 826 213 0
59 27 1120 129 1240 201 0
59 28 562 136 598 190 0
59 29 73 200 246 238 0
59 30 17 187 157 239 0
59 32 2 194 14 241 0
59 33 2 191 62 235 0
59 34 2 174 20 217 0
60 12 1240 198 1240 373 0
60 14 2 213 2 334 0
60 15 948 121 1240 373 0
60 17 517 162 575 225 0
60 18 834 125 1099 225 0
60 19 293 184 383 233 0
60 20 185 166 297 234 0
60 21 441 171 486 206 0
60 22 686 172 767 217 0
60 23 564 164 599 194 0
60 24 600 149 637 188 0
60 25 741 166 826 213 0
60 27 1122 126 1240 199 0
60 28 556 136 593 191 0
60 29 54 201 233 240 0
60 30 2 188 141 241 0
60 32 2 197 2 246 0
60 33 2 192 43 237 0
60 34 2 174 4 219 0
61 14 2 216 2 346 0
61 15 962 115 1240 373 0
61 17 510 162 569 227 0
61 18 835 122 1104 225 0
61 19 280 185 373 236 0
61 20 170 167 285 236 0
61 21 433 171 480 207 0
61 22 683 171 766 217 0
61 23 559 164 594 195 0
61 24 596 149 633 188 0
61 25 738 165 825 214 0
61 27 1124 126 1240 200 0
61 28 551 136 588 191 0
61 29 35 202 220 242 0
61 30 2 188 124 243 0
61 32 2 198 2 249 0
61 33 2 193 23 240 0
61 34 2 175 2 220 0
62 14 2 219 2 358 0
62 15 978 108 1240 373 0
62 17 504 162 564 229 0
62 18 835 122 1109 226 0
62 19 268 185 364 237 0
62 20 153 167 273 238 0
62 21 425 171 473 208 0
62 22 680 171 764 217 0
62 23 554 164 590 195 0
62 24 592 149 629 189 0
62 25 735 165 824 214 0
62 27 1125 126 1240 201 0
62 28 546 136 583 192 0
62 29 15 202 206 244 0
62 30 2 189 107 246 0
62 32 2 199 2 251 0
62 33 2 193 10 242 0
62 34 2 176 2 222 0
63 14 2 219 2 369 0
63 15 996 102 1240 373 0
63 17 496 162 558 230 0
63 18 835 121 1114 228 0
63 19 255 185 355 238 0
63 20 136 167 261 240 0
63 21 418 172 467 209 0
63 22 676 170 762 218 0
63 23 549 165 585 196 0
63 24 588 149 625 189 0
63 25 734 165 824 215 0
63 27 1127 128 1240 204 0
63 28 540 136 578 192 0
63 29 2 203 192 247 0
63 30 2 189 92 248 0
63 32 2 198 2 252 0
63 33 2 194 2 243 0
63 34 2 176 2 223 0
64 14 2 226 2 373 0
64 15 1012 80 1240 373 0
64 17 490 161 553 230 0
64 18 835 118 1119 227 0
64 19 241 185 346 240 0
64 20 120 167 251 242 0
64 21 410 172 460 210 0
64 22 673 169 760 218 0
64 23 544 165 580 197 0
64 24 584 149 621 190 0
64 25 732 165 823 216 0
64 27 1128 123 1240 200 0
64 28 534 136 573 193 0
64 29 2 204 180 249 0
64 30 2 190 77 250 0
64 32 2 200 2 256 0
64 33 2 195 2 245 0
64 34 2 176 2 223 0
65 14 2 221 2 373 0
65 15 1031 85 1240 373 0
65 17 483 162 548 232 0
65 18 836 121 1124 233 0
65 19 227 185 336 241 0
65 20 103 167 240 244 0
65 21 403 173 454 212 0
65 22 669 169 758 219 0
65 23 539 165 575 197 0
65 24 580 149 617 190 0
65 25 730 165 822 217 0
65 27 1129 129 1240 207 0
65 28 531 135 570 193 0
65 29 2 205 168 252 0
65 30 2 191 61 252 0
65 32 2 197 2 254 0
65 33 2 196 2 248 0
65 34 2 176 2 223 0
66 14 2 232 2 373 0
66 15 1051 43 1240 373 0
66 17 477 162 543 234 0
66 18 836 118 1130 232 0
66 19 212 185 326 243 0
66 20 86 168 229 246 0
66 21 394 174 447 213 0
66 22 668 169 759 219 0
66 23 534 166 570 198 0
66 24 576 149 613 191 0
66 25 728 165 821 217 0
66 27 1131 124 1240 203 0
66 28 527 135 566 194 0
66 29 2 207 156 255 0
66 30 2 191 45 255 0
66 32 2 202 2 261 0
66 33 2 196 2 250 0
66 34 2 177 2 224 0
67 14 2 234 2 373 0
67 15 1074 3 1240 373 0
67 17 470 162 538 236 0
67 18 836 118 1136 235 0
67 19 202 185 319 244 0
67 20 67 168 217 249 0
67 21 389 174 443 214 0
67 22 667 169 759 220 0
67 23 528 166 565 199 0
67 24 571 150 608 191 0
67 25 725 164 821 218 0
67 27 1132 125 1240 205 0
67 28 523 135 562 194 0
67 29 2 208 143 258 0
67 30 2 192 30 257 0
67 32 2 202 2 263 0
67 33 2 197 2 252 0
67 34 2 177 2 224 0
68 14 2 238 2 373 0
68 15 1100 2 1240 373 0
68 17 465 163 534 239 0
68 18 837 118 1143 237 0
68 19 192 185 313 246 0
68 20 53 168 209 251 0
68 21 384 174 438 214 0
68 22 666 169 760 221 0
68 23 526 166 563 199 0
68 24 567 150 604 192 0
68 25 725 165 822 219 0
68 27 1135 126 1240 207 0
68 28 519 135 559 195 0
68 29 2 209 129 261 0
68 30 2 192 15 260 0
68 32 2 204 2 267 0
68 33 2 198 2 255 0
68 34 2 177 2 225 0
69 14 2 242 2 373 0
69 15 1133 2 1240 373 0
69 17 460 162 530 239 0
69 18 838 115 1151 237 0
69 19 181 185 306 247 0
69 20 38 168 200 253 0
69 21 378 174 434 215 0
69 22 665 169 760 222 0
69 23 525 165 561 199 0
69 24 566 149 604 192 0
69 25 725 165 823 220 0
69 27 1139 124 1240 206 0
69 28 516 135 555 196 0
69 29 2 209 122 262 0
69 30 2 193 2 262 0
69 32 2 203 2 267 0
69 33 2 199 2 257 0
69 34 2 177 2 225 0
70 14 2 244 2 373 0
70 15 1171 2 1240 373 0
70 16 1195 162 1240 373 0
70 17 455 161 527 239 0
70 18 841 114 1160 239 0
70 19 169 185 298 248 0
70 20 23 169 190 255 0
70 21 372 173 429 215 0
70 22 663 169 761 223 0
70 23 523 165 560 199 0
70 24 566 149 604 191 0
70 25 724 165 825 222 0
70 26 797 172 917 220 0
70 27 1142 124 1240 207 0
70 28 515 135 555 196 0
70 29 2 210 116 264 0
70 30 2 193 2 265 0
70 32 2 201 2 266 0
70 33 2 200 2 260 0
70 34 2 177 2 226 0
71 14 2 254 2 373 0
71 15 1215 2 1240 373 0
71 16 1227 148 1240 373 0
71 17 452 161 525 240 0
71 18 845 111 1171 238 0
71 19 158 185 291 250 0
71 20 6 169 181 257 0
71 21 366 173 425 216 0
71 22 662 169 761 224 0
71 23 521 165 558 199 0
71 24 565 148 603 191 0
71 25 726 165 828 223 0
71 26 798 171 918 219 0
71 27 1150 120 1240 204 0
71 28 515 135 556 196 0
71 29 2 210 109 265 0
71 30 2 194 2 267 0
71 32 2 204 2 270 0
71 33 2 201 2 263 0
71 34 2 178 2 226 0
72 14 2 258 2 373 0
72 15 1240 2 1240 373 0
72 16 1240 148 1240 373 0
72 17 449 161 523 242 0
72 18 851 110 1184 240 0
72 19 145 185 283 251 0
72 20 2 169 176 259 0
72 21 365 173 424 216 0
72 22 661 169 762 225 0
72 23 519 164 556 199 0
72 24 564 148 603 191 0
72 25 727 165 832 224 0
72 26 803 171 925 220 0
72 27 1158 120 1240 206 0
72 28 514 134 556 196 0
72 29 2 210 102 267 0
72 30 2 194 2 269 0
72 32 2 204 2 270 0
72 33 2 202 2 266 0
72 34 2 178 2 227 0
73 14 2 261 2 373 0
73 15 1240 2 1240 373 0
73 16 1240 145 1240 373 0
73 17 448 158 524 241 0
73 18 858 107 1199 240 0
73 19 143 186 283 253 0
73 20 2 169 171 261 0
73 21 363 173 423 217 0
73 22 664 169 768 226 0
73 23 522 164 560 199 0
73 24 566 147 606 190 0
73 25 733 165 840 224 0
73 26 808 170 932 220 0
73 27 1166 117 1240 205 0
73 28 514 134 556 196 0
73 29 2 210 95 268 0
73 30 2 195 2 270 0
73 32 2 202 2 269 0
73 33 2 203 2 269 0
73 34 2 178 2 227 0
74 14 2 268 2 373 0
74 16 1240 141 1240 373 0
74 17 449 159 526 243 0
74 18 866 106 1216 242 0
74 19 141 187 283 256 0
74 20 2 169 166 263 0
74 21 365 173 426 217 0
74 22 668 169 774 227 0
74 23 525 163 563 199 0
74 24 568 146 609 190 0
74 25 738 164 848 224 0
74 26 812 170 939 221 0
74 27 1179 116 1240 205 0
74 28 513 133 557 196 0
74 29 2 211 87 270 0
74 30 2 195 2 272 0
74 32 2 204 2 272 0
74 33 2 203 2 270 0
74 34 2 178 2 228 0
75 14 2 270 2 373 0
75 16 1240 138 1240 373 0
75 17 451 157 529 243 0
75 18 876 103 1236 243 0
75 19 139 186 283 255 0
75 20 2 170 167 264 0
75 21 368 173 430 217 0
75 22 671 169 780 228 0
75 23 529 163 567 198 0
75 24 570 146 611 190 0
75 25 744 164 856 225 0
75 26 820 169 950 220 0
75 27 1192 114 1240 205 0
75 28 518 133 562 196 0
75 29 2 210 89 270 0
75 30 2 195 2 272 0
75 32 2 203 2 271 0
75 33 2 203 2 270 0
75 34 2 178 2 228 0
76 14 2 278 2 373 0
76 16 1240 132 1240 373 0
76 17 454 158 533 244 0
76 18 889 102 1240 244 0
76 19 136 187 283 258 0
76 20 2 170 168 265 0
76 21 370 172 433 217 0
76 22 678 169 789 229 0
76 23 532 163 571 198 0
76 24 576 146 618 190 0
76 25 750 163 865 225 0
76 26 828 169 961 221 0
76 27 1207 113 1240 205 0
76 28 523 132 567 195 0
76 29 2 210 92 270 0
76 30 2 195 2 272 0
76 32 2 205 2 274 0
76 33 2 203 2 270 0
76 34 2 179 2 228 0
77 14 2 277 2 373 0
77 16 1240 132 1240 373 0
77 17 459 157 539 245 0
77 18 902 100 1240 246 0
77 19 138 186 287 257 0
77 20 2 167 171 263 0
77 21 372 172 437 218 0
77 22 685 169 797 230 0
77 23 535 162 575 198 0
77 24 582 145 624 190 0
77 25 757 162 873 225 0
77 26 836 169 972 222 0
77 27 1222 112 1240 206 0
77 28 528 131 572 195 0
77 29 2 210 94 270 0
77 30 2 195 2 272 0
77 32 2 204 2 274 0
77 33 2 203 2 270 0
77 34 2 179 2 229 0
78 14 2 279 2 373 0
78 16 1240 122 1240 373 0
78 17 463 156 545 244 0
78 18 913 97 1240 246 0
78 19 140 186 291 257 0
78 20 2 165 174 262 0
78 21 377 172 442 217 0
78 22 693 169 806 230 0
78 23 541 161 580 198 0
78 24 587 145 630 190 0
78 25 764 162 883 226 0
78 26 845 167 984 221 0
78 27 1238 109 1240 205 0
78 28 533 130 577 194 0
78 29 2 209 97 270 0
78 30 2 195 2 273 0
78 32 2 203 2 274 0
78 33 2 203 2 270 0
78 34 2 179 2 229 0
79 14 2 274 2 373 0
79 16 1240 128 1240 373 0
79 17 468 155 550 245 0
79 18 925 98 1240 249 0
79 19 142 185 295 256 0
79 20 2 164 177 261 0
79 21 382 171 447 217 0
79 22 700 169 815 231 0
79 23 547 161 586 197 0
79 24 593 145 637 190 0
79 25 772 162 893 227 0
79 26 854 168 996 223 0
79 27 1240 108 1240 207 0
79 28 539 130 583 194 0
79 29 2 209 100 270 0
79 30 2 194 2 273 0
79 32 2 201 2 272 0
79 33 2 203 2 270 0
79 34 2 179 2 230 0
80 14 2 276 2 373 0
80 16 1240 120 1240 373 0
80 17 473 156 556 247 0
80 18 937 97 1240 252 0
80 19 144 186 299 259 0
80 20 2 165 182 263 0
80 21 387 171 452 217 0
80 22 707 170 824 233 0
80 23 553 160 592 197 0
80 24 599 145 643 190 0
80 25 780 162 903 227 0
80 26 863 170 1009 225 0
80 28 545 130 589 195 0
80 29 2 209 102 270 0
80 30 2 194 2 273 0
80 32 2 203 2 275 0
80 33 2 203 2 270 0
80 34 2 179 2 230 0
81 14 2 278 2 373 0
81 16 1240 110 1240 373 0
81 17 478 154 562 246 0
81 18 948 96 1240 253 0
81 19 149 186 304 259 0
81 20 2 165 187 263 0
81 21 392 170 458 217 0
81 22 714 170 833 234 0
81 23 559 160 598 196 0
81 24 606 146 650 191 0
81 25 788 162 913 228 0
81 26 872 170 1022 226 0
81 28 551 130 595 195 0
81 29 2 209 105 270 0
81 30 2 194 2 273 0
81 32 2 203 2 276 0
81 33 2 203 2 271 0
81 34 2 180 2 231 0
82 14 2 269 2 373 0
82 16 1240 111 1240 373 0
82 17 484 156 568 248 0
82 18 959 95 1240 255 0
82 19 154 184 310 257 0
82 20 2 162 192 260 0
82 21 397 170 463 216 0
82 22 721 169 841 233 0
82 23 565 161 604 197 0
82 24 612 147 657 192 0
82 25 796 162 924 229 0
82 26 882 169 1035 226 0
82 28 557 131 601 196 0
82 29 2 208 107 270 0
82 30 2 194 2 273 0
82 32 2 199 2 271 0
82 33 2 203 2 271 0
82 34 2 180 2 232 0
83 14 2 273 2 373 0
83 16 1240 92 1240 373 0
83 17 489 157 573 250 0
83 18 971 96 1240 259 0
83 19 159 186 316 260 0
83 20 2 165 200 264 0
83 21 404 171 470 217 0
83 22 729 171 852 236 0
83 23 572 161 611 198 0
83 24 619 147 663 193 0
83 25 805 162 936 230 0
83 26 892 171 1049 229 0
83 28 563 131 607 196 0
83 29 2 212 117 275 0
83 30 2 194 5 273 0
83 32 2 202 2 273 0
83 33 2 203 2 271 0
83 34 2 180 2 232 0
84 14 2 265 2 373 0
84 17 496 158 582 252 0
84 18 984 97 1240 264 0
84 19 164 187 321 261 0
84 20 6 165 208 264 0
84 21 411 171 477 219 0
84 22 736 173 862 239 0
84 23 578 162 618 199 0
84 24 626 148 670 194 0
84 25 815 163 948 231 0
84 26 902 174 1064 233 0
84 28 572 131 615 196 0
84 29 2 211 127 274 0
84 30 2 194 11 273 0
84 32 2 201 2 271 0
84 33 2 203 2 271 0
84 34 2 180 2 233 0
85 14 2 273 2 373 0
85 17 504 159 590 253 0
85 18 996 92 1240 263 0
85 19 169 188 327 263 0
85 20 15 167 215 266 0
85 21 417 172 484 220 0
85 22 744 172 872 239 0
85 23 585 163 624 200 0
85 24 632 149 677 195 0
85 25 825 163 961 233 0
85 26 915 172 1081 232 0
85 28 580 131 624 197 0
85 29 2 213 136 276 0
85 30 2 194 17 273 0
85 32 2 203 2 274 0
85 33 2 203 2 271 0
85 34 2 181 2 233 0
86 14 2 269 2 373 0
86 17 512 159 599 254 0
86 18 1013 92 1240 266 0
86 19 176 188 335 264 0
86 20 25 167 223 266 0
86 21 424 173 492 221 0
86 22 754 173 884 241 0
86 23 595 163 635 201 0
86 24 642 148 687 195 0
86 25 835 164 973 234 0
86 26 929 173 1100 234 0
86 28 588 131 633 197 0
86 29 2 213 146 276 0
86 30 2 194 22 273 0
86 32 2 203 2 273 0
86 33 2 203 2 271 0
86 34 2 181 2 234 0
87 14 2 266 2 373 0
87 17 521 158 609 254 0
87 18 1030 88 1240 267 0
87 19 186 187 342 262 0
87 20 34 166 232 265 0
87 21 434 173 502 221 0
87 22 766 172 898 240 0
87 23 606 163 646 201 0
87 24 651 147 697 194 0
87 25 846 164 987 236 0
87 26 942 172 1119 234 0
87 28 596 131 641 197 0
87 29 2 212 155 274 0
87 30 2 194 28 273 0
87 32 2 201 2 270 0
87 33 2 204 2 271 0
87 34 2 181 2 234 0
88 14 2 260 2 373 0
88 17 531 157 619 254 0
88 18 1049 88 1240 271 0
88 19 195 187 352 262 0
88 20 46 165 242 264 0
88 21 444 173 512 221 0
88 22 777 173 913 242 0
88 23 617 163 657 201 0
88 24 660 147 706 193 0
88 25 859 164 1005 237 0
88 26 956 174 1138 237 0
88 28 605 131 650 198 0
88 29 2 211 165 273 0
88 30 2 193 42 272 0
88 32 2 200 2 268 0
88 33 2 203 2 270 0
88 34 2 181 2 235 0
89 14 2 261 2 373 0
89 17 543 158 631 255 0
89 18 1069 84 1240 273 0
89 19 206 188 362 264 0
89 20 56 167 254 266 0
89 21 454 172 522 220 0
89 22 791 173 929 244 0
89 23 628 163 668 201 0
89 24 670 146 716 193 0
89 25 873 164 1023 238 0
89 26 971 173 1159 238 0
89 28 617 131 662 197 0
89 29 2 213 174 275 0
89 30 2 193 56 271 0
89 32 2 202 2 270 0
89 33 2 203 2 269 0
89 34 2 181 2 234 0
90 14 2 260 2 373 0
90 17 554 157 643 256 0
90 18 1091 80 1240 274 0
90 19 216 188 373 263 0
90 20 69 166 265 265 0
90 21 464 172 532 220 0
90 22 804 172 947 244 0
90 23 638 163 679 202 0
90 24 682 146 730 193 0
90 25 888 164 1043 239 0
90 26 986 170 1180 235 0
90 28 629 130 675 197 0
90 29 2 211 183 273 0
90 30 2 193 71 270 0
90 32 2 201 2 269 0
90 33 2 202 2 268 0
90 34 2 180 2 233 0
91 14 2 254 2 373 0
91 17 566 157 656 256 0
91 18 1115 76 1240 278 0
91 19 227 187 385 262 0
91 20 82 165 276 263 0
91 21 477 172 545 221 0
91 22 818 172 964 244 0
91 23 649 163 690 202 0
91 24 695 146 743 194 0
91 25 903 163 1063 240 0
91 26 1005 172 1206 239 0
91 28 641 129 687 197 0
91 29 2 211 198 272 0
91 30 2 192 84 269 0
91 32 2 200 2 266 0
91 33 2 202 2 267 0
91 34 2 180 2 232 0
92 14 2 251 2 373 0
92 17 579 157 670 257 0
92 18 1140 72 1240 281 0
92 19 240 186 396 262 0
92 20 95 164 289 263 0
92 21 489 172 558 221 0
92 22 834 172 983 245 0
92 23 661 163 702 202 0
92 24 708 146 757 194 0
92 25 918 163 1083 241 0
92 26 1026 172 1234 240 0
92 28 653 129 699 197 0
92 29 2 210 212 271 0
92 30 2 192 98 268 0
92 32 2 199 2 265 0
92 33 2 201 2 265 0
92 34 2 179 14 231 0
93 14 2 247 2 373 0
93 17 592 155 684 257 0
93 18 1169 69 1240 286 0
93 19 253 187 409 263 0
93 20 111 165 302 263 0
93 21 502 173 570 221 0
93 22 851 173 1004 248 0
93 23 675 164 716 202 0
93 24 721 146 771 194 0
93 25 938 163 1109 242 0
93 26 1047 174 1240 243 0
93 28 665 128 712 196 0
93 29 2 210 226 270 0
93 30 2 192 112 267 0
93 32 2 199 2 264 0
93 33 2 201 2 265 0
93 34 2 180 33 230 0
94 14 2 247 2 373 0
94 17 606 155 699 257 0
94 18 1198 62 1240 289 0
94 19 268 187 422 263 0
94 20 126 165 316 264 0
94 21 514 173 583 222 0
94 22 869 172 1027 249 0
94 23 689 164 731 203 0
94 24 734 146 785 195 0
94 25 959 163 1136 244 0
94 26 1072 173 1240 245 0
94 28 679 128 728 197 0
94 29 2 211 240 271 0
94 30 2 191 126 266 0
94 32 2 200 2 264 0
94 33 2 202 2 265 0
94 34 2 180 53 230 0
95 14 2 243 2 373 0
95 17 621 157 716 261 0
95 18 1232 59 1240 298 0
95 19 282 188 436 264 0
95 20 142 166 330 264 0
95 21 527 173 596 222 0
95 22 889 174 1052 252 0
95 23 703 164 746 203 0
95 24 751 146 803 195 0
95 25 981 162 1165 246 0
95 26 1099 175 1240 249 0
95 28 694 128 744 197 0
95 29 2 211 254 270 0
95 30 2 192 144 266 0
95 32 2 200 2 263 0
95 33 2 201 8 263 0
95 34 2 180 72 229 0
96 14 2 244 2 373 0
96 17 637 158 733 263 0
96 18 1240 50 1240 305 0
96 19 297 189 451 266 0
96 20 159 168 345 266 0
96 21 543 173 612 223 0
96 22 910 175 1079 254 0
96 23 721 164 765 203 0
96 24 768 146 821 196 0
96 25 1003 162 1195 247 0
96 26 1127 175 1240 252 0
96 28 709 127 760 197 0
96 29 2 212 270 272 0
96 30 2 192 162 266 0
96 32 2 201 3 264 0
96 33 2 203 30 265 0
96 34 16 180 90 229 0
97 14 2 242 2 373 0
97 17 654 157 752 264 0
97 19 311 189 467 266 0
97 20 176 167 361 265 0
97 21 560 174 627 224 0
97 22 932 174 1110 256 0
97 23 738 164 783 204 0
97 24 785 146 839 196 0
97 25 1027 162 1226 249 0
97 26 1156 175 1240 254 0
97 28 724 127 776 198 0
97 29 8 212 287 272 0
97 30 2 192 180 266 0
97 32 2 200 23 263 0
97 33 2 202 51 264 0
97 34 40 180 112 228 0
98 14 2 238 2 373 0
98 17 672 156 772 265 0
98 19 327 188 484 266 0
98 20 192 167 378 265 0
98 21 577 174 643 225 0
98 22 956 170 1144 254 0
98 23 756 164 802 204 0
98 24 803 146 857 196 0
98 25 1058 161 1240 252 0
98 26 1191 175 1240 258 0
98 28 740 127 793 198 0
98 29 29 211 303 271 0
98 30 2 193 197 265 0
98 32 2 199 45 261 0
98 33 2 201 72 262 0
98 34 64 179 134 227 0
99 14 2 239 2 373 0
99 17 690 157 793 268 0
99 19 344 189 501 268 0
99 20 210 168 395 266 0
99 21 594 175 659 226 0
99 22 982 174 1181 262 0
99 23 775 163 822 205 0
99 24 821 145 876 197 0
99 25 1090 160 1240 256 0
99 26 1227 175 1240 262 0
99 28 761 126 816 198 0
99 29 49 212 320 272 0
99 30 3 193 215 265 0
99 32 2 200 67 261 0
99 33 2 202 93 262 0
99 34 87 179 155 226 0
100 14 2 237 2 373 0
100 17 711 156 817 270 0
100 19 361 189 520 269 0
100 20 229 167 412 266 0
100 21 613 174 679 226 0
100 22 1012 174 1223 265 0
100 23 796 164 845 205 0
100 24 844 145 901 197 0
100 25 1125 160 1240 259 0
100 26 1240 175 1240 266 0
100 28 783 125 839 199 0
100 29 70 211 336 270 0
100 30 27 193 236 265 0
100 32 2 200 89 260 0
100 33 2 201 113 260 0
100 34 109 179 176 226 0
101 14 2 237 2 373 0
101 17 733 156 842 273 0
101 19 380 188 539 268 0
101 20 248 166 431 266 0
101 21 632 173 700 226 0
101 22 1044 172 1240 267 0
101 23 819 164 868 206 0
101 24 867 145 926 198 0
101 25 1162 159 1240 263 0
101 26 1240 171 1240 269 0
101 28 806 125 862 199 0
101 29 93 211 358 271 0
101 30 51 193 257 265 0
101 32 2 199 111 258 0
101 33 2 201 139 260 0
101 34 135 179 201 226 0
102 14 2 230 2 373 0
102 17 759 152 873 273 0
102 19 397 188 559 270 0
102 20 268 166 451 266 0
102 21 652 172 722 226 0
102 22 1081 175 1240 275 0
102 23 842 164 893 207 0
102 24 890 145 952 199 0
102 25 1201 158 1240 268 0
102 26 1240 177 1240 281 0
102 28 829 124 887 200 0
102 29 116 211 379 271 0
102 30 75 193 277 264 0
102 32 2 198 136 256 0
102 33 22 200 165 258 0
102 34 161 179 225 225 0
103 14 2 228 2 373 0
103 17 788 155 906 280 0
103 19 419 188 582 271 0
103 20 290 166 472 266 0
103 21 677 172 749 227 0
103 22 1123 175 1240 281 0
103 23 871 164 925 208 0
103 24 915 145 979 200 0
103 25 1240 160 1240 277 0
103 26 1240 172 1240 284 0
103 28 853 123 912 200 0
103 29 138 210 401 270 0
103 30 101 193 300 264 0
103 32 2 197 161 255 0
103 33 51 199 190 257 0
103 34 187 179 249 225 0
104 14 2 228 2 373 0
104 17 819 154 944 285 0
104 19 442 189 606 274 0
104 20 314 167 494 268 0
104 21 703 172 776 228 0
104 22 1171 175 1240 288 0
104 23 902 163 958 209 0
104 24 949 143 1015 200 0
104 25 1240 162 1240 288 0
104 28 877 122 938 200 0
104 29 162 212 422 272 0
104 30 127 193 324 264 0
104 32 34 198 188 256 0
104 33 79 201 215 258 0
104 34 211 179 273 225 0
105 14 2 228 2 373 0
105 17 854 152 988 288 0
105 19 466 189 633 275 0
105 20 339 166 518 269 0
105 21 730 172 805 229 0
105 22 1224 173 1240 295 0
105 23 934 163 994 210 0
105 24 985 142 1053 200 0
105 28 912 121 975 201 0
105 29 188 211 448 272 0
105 30 153 193 347 264 0
105 32 67 198 219 255 0
105 33 106 199 239 256 0
105 34 242 179 302 224 0
106 14 2 232 2 373 0
106 17 895 148 1037 292 0
106 19 493 190 662 278 0
106 20 364 168 545 272 0
106 21 758 171 835 230 0
106 22 1240 167 1240 300 0
106 23 968 163 1031 211 0
106 24 1023 140 1093 200 0
106 28 949 119 1014 202 0
106 29 214 211 474 272 0
106 30 182 193 374 264 0
106 32 99 201 248 258 0
106 33 139 203 269 260 0
106 34 272 179 331 224 0
107 14 2 230 2 373 0
107 17 940 144 1095 297 0
107 19 521 188 693 279 0
107 20 390 166 573 271 0
107 21 793 170 873 230 0
107 24 1063 137 1136 199 0
107 28 989 117 1056 203 0
107 29 241 210 501 273 0
107 30 212 193 402 265 0
107 32 131 199 277 256 0
107 33 171 201 299 258 0
107 34 301 178 359 223 0
108 14 2 230 2 373 0
108 17 988 141 1162 304 0
108 19 552 189 726 282 0
108 20 418 166 603 274 0
108 21 831 168 914 231 0
108 24 1113 134 1193 199 0
108 28 1030 115 1101 203 0
108 29 269 210 528 273 0
108 30 241 193 430 265 0
108 32 164 200 307 256 0
108 33 203 202 329 259 0
108 34 330 178 387 223 0
109 14 2 226 2 373 0
109 17 1040 136 1240 313 0
109 19 583 186 762 282 0
109 20 447 162 635 272 0
109 21 872 167 958 232 0
109 24 1168 131 1240 200 0
109 28 1077 110 1156 204 0
109 29 297 210 556 273 0
109 30 272 190 460 262 0
109 32 198 196 339 252 0
109 33 235 199 359 255 0
109 34 362 175 418 220 0
110 14 2 218 2 373 0
110 17 1098 132 1240 326 0
110 19 615 186 799 286 0
110 20 477 160 668 273 0
110 21 916 165 1006 233 0
110 24 1229 127 1240 200 0
110 28 1127 106 1217 204 0
110 29 326 209 585 273 0
110 30 303 188 491 260 0
110 32 231 194 368 249 0
110 33 266 195 388 251 0
110 34 394 172 450 217 0
110 35 2 203 14 254 0
110 37 2 155 2 265 0
111 14 2 214 2 373 0
111 17 1165 124 1240 339 0
111 19 648 182 840 285 0
111 20 507 155 703 270 0
111 21 963 163 1057 234 0
111 24 1240 123 1240 200 0
111 28 1181 101 1240 204 0
111 29 354 209 617 274 0
111 30 335 185 523 257 0
111 32 265 189 401 244 0
111 33 296 192 418 248 0
111 34 426 169 481 214 0
111 35 2 200 54 250 0
111 37 2 154 2 259 0
112 14 2 212 2 373 0
112 17 1240 117 1240 360 0
112 19 683 182 884 290 0
112 20 538 153 739 272 0
112 21 1014 160 1116 236 0
112 28 1240 100 1240 209 0
112 29 383 209 651 276 0
112 30 367 183 555 255 0
112 32 296 189 431 243 0
112 33 327 191 449 248 0
112 34 458 166 513 211 0
112 35 2 198 93 246 0
112 37 2 153 2 254 0
113 14 2 211 2 373 0
113 17 1240 106 1240 373 0
113 19 722 181 932 295 0
113 20 570 151 777 274 0
113 21 1071 156 1183 238 0
113 29 414 208 686 277 0
113 30 397 182 587 255 0
113 32 328 188 461 243 0
113 33 358 191 480 248 0
113 34 489 165 544 210 0
113 35 26 198 131 246 0
113 37 2 151 2 250 0
114 14 2 211 2 373 0
114 17 1240 94 1240 373 0
114 19 761 181 985 302 0
114 20 603 150 817 278 0
114 21 1135 152 1240 240 0
114 29 447 208 724 279 0
114 30 427 181 620 255 0
114 32 360 188 495 243 0
114 33 390 191 511 249 0
114 34 520 164 575 209 0
114 35 69 195 169 242 0
114 37 2 152 2 248 0
115 14 2 209 2 373 0
115 17 1240 69 1240 373 0
115 19 804 179 1042 308 0
115 20 637 146 861 280 0
115 21 1208 148 1240 242 0
115 29 480 208 763 280 0
115 30 459 180 654 255 0
115 32 391 186 527 242 0
115 33 422 188 544 246 0
115 34 552 162 607 208 0
115 35 108 197 204 244 0
115 37 2 153 39 246 0
116 14 2 210 2 373 0
116 17 1240 34 1240 373 0
116 19 853 178 1105 316 0
116 20 672 143 908 283 0
116 21 1240 142 1240 244 0
116 29 516 208 805 282 0
116 30 490 179 688 256 0
116 32 423 185 560 241 0
116 33 451 188 575 247 0
116 34 584 161 640 207 0
116 35 146 196 239 243 0
116 37 2 154 84 244 0
117 14 2 210 2 373 0
117 17 1240 2 1240 373 0
117 19 906 177 1178 327 0
117 20 710 141 960 288 0
117 29 543 208 844 285 0
117 30 522 178 725 257 0
117 32 454 186 592 243 0
117 33 482 188 607 249 0
117 34 617 161 674 208 0
117 35 184 195 273 242 0
117 37 36 153 125 242 0
118 14 2 209 2 373 0
118 17 1240 2 1240 373 0
118 19 965 174 1240 337 0
118 20 750 135 1016 291 0
118 29 572 208 888 290 0
118 30 552 177 763 258 0
118 32 485 183 624 241 0
118 33 513 186 641 248 0
118 34 650 160 708 208 0
118 35 221 194 307 241 0
118 37 80 152 164 240 0
119 14 2 209 2 373 0
119 17 1240 2 1240 373 0
119 19 1033 175 1240 357 0
119 20 793 134 1080 301 0
119 29 604 209 936 294 0
119 30 585 175 803 259 0
119 32 517 184 658 243 0
119 33 546 187 676 250 0
119 34 685 160 744 209 0
119 35 253 194 342 240 0
119 37 122 151 202 237 0
120 14 2 208 2 373 0
120 19 1110 173 1240 373 0
120 20 840 129 1150 308 0
120 29 638 209 989 299 0
120 30 620 174 846 261 0
120 31 2 177 46 349 1
120 32 549 183 693 243 0
120 33 580 185 713 249 0
120 34 721 160 782 209 0
120 35 288 194 373 240 0
120 36 183 195 245 244 0
120 37 161 150 237 236 0
121 14 2 208 2 373 0
121 19 1201 173 1240 373 0
121 20 891 125 1231 319 0
121 29 676 210 1048 305 0
121 30 656 173 892 262 0
121 31 2 176 63 360 1
121 32 581 183 728 244 0
121 33 610 186 748 253 0
121 34 754 159 817 210 0
121 35 319 192 406 238 0
121 36 219 194 279 242 0
121 37 198 150 271 234 0
122 14 2 210 25 373 0
122 19 1240 168 1240 373 0
122 20 946 117 1240 328 0
122 29 717 210 1114 311 0
122 30 689 172 939 266 0
122 31 2 178 81 373 1
122 32 613 182 766 245 0
122 33 642 185 786 254 0
122 34 789 158 855 210 0
122 35 352 192 435 238 0
122 36 253 193 311 241 0
122 37 234 149 305 233 0
123 14 2 211 55 373 0
123 19 1240 159 1240 373 0
123 20 1009 109 1240 343 0
123 29 749 212 1181 321 0
123 30 725 170 990 269 0
123 31 2 178 102 373 1
123 32 646 182 803 247 0
123 33 677 185 828 257 0
123 34 826 156 895 210 0
123 35 384 191 465 238 0
123 36 287 192 343 240 0
123 37 266 149 336 233 0
124 14 2 211 82 373 0
124 20 1081 98 1240 360 0
124 29 785 214 1240 332 0
124 30 764 169 1048 273 0
124 31 2 177 110 373 1
124 32 680 180 843 247 0
124 33 714 183 872 258 0
124 34 865 155 937 211 0
124 35 415 192 495 239 0
124 36 317 192 371 239 0
124 37 298 150 367 233 0
125 14 2 212 104 373 0
125 20 1163 85 1240 373 0
125 29 826 216 1240 346 0
125 30 808 168 1113 277 0
125 31 2 176 120 373 1
125 32 714 179 886 249 0
125 33 754 181 922 259 0
125 34 906 150 983 207 0
125 35 443 191 525 239 0
125 36 346 191 399 239 0
125 37 330 150 398 233 0
126 14 2 212 124 373 0
126 20 1240 73 1240 373 0
126 29 874 218 1240 362 0
126 30 845 167 1176 284 0
126 31 2 177 113 373 1
126 32 748 180 928 253 0
126 33 786 184 964 266 0
126 34 943 148 1024 208 0
126 35 471 190 551 239 0
126 36 373 191 426 239 0
126 37 356 149 423 233 0
127 14 2 212 139 373 0
127 20 1240 55 1240 373 0
127 29 930 221 1240 373 0
127 30 887 165 1240 292 0
127 31 2 175 105 373 1
127 32 783 180 976 256 0
127 33 820 184 1012 271 0
127 34 982 147 1068 209 0
127 35 498 191 578 240 0
127 36 401 191 454 239 0
127 37 382 148 449 232 0
128 14 2 214 153 373 0
128 29 995 224 1240 373 0
128 30 935 164 1240 300 0
128 31 2 177 80 373 1
128 32 819 179 1025 259 0
128 33 859 184 1066 275 0
128 34 1025 145 1116 210 0
128 35 524 190 603 241 0
128 36 423 191 477 240 0
128 37 409 147 476 232 0
129 14 2 214 165 373 0
129 29 1073 228 1240 373 0
129 30 989 163 1240 311 0
129 31 2 176 48 373 1
129 32 856 178 1076 262 0
129 33 901 183 1126 280 0
129 34 1071 143 1169 211 0
129 35 546 191 631 243 0
129 36 446 191 500 241 0
129 37 431 146 498 231 0
130 14 2 215 173 373 0
130 29 1167 233 1240 373 0
130 30 1053 161 1240 323 0
130 31 2 175 7 373 0
130 32 894 177 1131 266 0
130 33 949 182 1195 285 0
130 34 1122 141 1228 212 0
130 35 571 189 654 243 0
130 36 470 190 524 241 0
130 37 454 145 522 231 0
