0 1 1154 152 1240 261 0
0 2 2 215 70 347 0
0 3 895 173 972 228 0
0 4 982 166 1022 199 0
0 5 1112 154 1165 197 0
1 1 1118 154 1240 264 0
1 2 2 218 2 366 0
1 3 863 174 938 228 0
1 4 945 167 984 200 0
1 5 1071 156 1123 199 0
2 1 1082 157 1240 268 0
2 2 2 221 2 373 0
2 3 832 175 904 230 0
2 4 910 169 947 201 0
2 5 1032 158 1082 201 0
3 1 1046 159 1218 271 0
3 2 2 225 2 373 0
3 3 797 176 871 232 0
3 4 874 170 910 203 0
3 5 993 161 1042 202 0
4 1 1013 157 1185 269 0
4 2 2 229 2 373 0
4 3 764 176 838 232 0
4 4 840 169 875 201 0
4 5 955 160 1003 201 0
5 1 980 155 1152 268 0
5 2 2 235 2 373 0
5 3 732 174 806 231 0
5 4 806 167 841 199 0
5 5 917 159 964 199 0
6 1 950 155 1122 269 0
6 3 701 173 774 231 0
6 4 774 168 808 201 0
6 5 885 160 930 200 0
7 1 918 155 1091 270 0
7 3 670 174 741 233 0
7 4 741 169 775 202 0
7 5 853 161 896 201 0
8 1 893 154 1070 271 0
8 3 638 175 714 235 0
8 4 713 171 747 203 0
8 5 821 162 861 202 0
9 1 870 158 1051 278 0
9 3 608 177 687 239 0
9 4 684 172 719 205 0
9 5 795 165 836 206 0
10 1 846 157 1036 281 0
10 3 581 181 661 245 0
10 4 657 175 692 209 0
10 5 768 169 811 210 0
11 1 827 165 1026 293 0
11 3 556 189 636 258 0
11 4 633 181 668 216 0
11 5 741 172 785 214 0
12 1 810 175 1021 308 0
12 3 529 196 616 270 0
12 4 611 191 647 228 0
12 5 722 180 766 222 0
13 1 796 182 1020 324 0
13 3 507 201 593 279 0
13 4 590 195 627 233 0
13 5 701 188 747 231 0
14 1 782 185 1021 336 0
14 3 481 201 576 283 0
14 4 571 194 608 232 0
14 5 685 186 732 229 0
15 1 772 182 1027 341 0
15 3 459 197 559 282 0
15 4 555 190 592 228 0
15 5 668 184 717 228 0
16 1 765 177 1038 346 0
16 3 436 194 545 283 0
16 4 540 186 579 224 0
16 5 656 181 705 226 0
17 1 760 173 1057 356 0
17 3 414 192 528 284 0
17 4 526 185 565 225 0
17 5 644 177 693 223 0
18 1 758 171 1083 371 0
18 3 391 195 512 293 0
18 4 515 185 555 224 0
18 5 636 176 686 223 0
19 1 760 170 1124 373 0
19 3 371 193 501 296 0
19 4 503 184 545 224 0
19 5 628 175 678 223 0
20 1 765 166 1178 373 0
20 3 352 193 490 303 0
20 4 493 183 535 225 0
20 5 624 174 675 223 0
21 1 772 168 1240 373 0
21 3 330 192 479 309 0
21 4 487 183 531 225 0
21 5 622 174 675 224 0
22 1 784 164 1240 373 0
22 3 303 196 471 324 0
22 4 481 182 526 226 0
22 5 621 175 675 226 0
23 1 799 163 1240 373 0
23 3 276 195 465 333 0
23 4 478 183 524 228 0
23 5 619 175 675 228 0
24 1 819 161 1240 373 0
24 3 249 198 455 351 0
24 4 474 184 522 231 0
24 5 618 176 675 230 0
25 1 845 159 1240 373 0
25 3 212 201 448 372 0
25 4 470 187 520 235 0
25 5 616 176 675 231 0
26 1 880 142 1240 373 0
26 3 167 200 438 373 0
26 4 467 186 519 235 0
26 5 617 174 678 231 0
27 1 926 2 1240 373 0
27 3 103 200 426 373 0
27 4 464 184 518 235 0
27 5 619 172 682 231 0
28 1 989 2 1240 373 0
28 3 21 200 411 373 0
28 4 460 182 517 234 0
28 5 621 170 685 231 0
29 1 1083 2 1240 373 0
29 3 2 201 395 373 0
29 4 457 180 515 234 0
29 5 623 168 689 231 0
30 1 1237 2 1240 373 0
30 3 2 202 371 373 0
30 4 453 178 514 234 0
30 5 625 166 693 231 0
30 8 496 179 531 210 0
31 3 2 204 346 373 0
31 4 451 179 515 237 0
31 5 629 166 701 234 0
31 8 497 179 534 211 0
32 3 2 209 313 373 0
32 4 448 180 515 240 0
32 5 634 166 709 237 0
32 8 499 180 537 212 0
33 3 2 215 270 373 0
33 4 445 181 516 243 0
33 5 639 166 717 240 0
33 8 501 181 540 214 0
34 3 2 224 212 373 0
34 4 443 181 517 247 0
34 5 644 166 727 243 0
34 8 503 181 543 215 0
35 3 2 234 127 373 0
35 4 440 182 518 251 0
35 5 650 166 737 247 0
35 8 505 182 546 217 0
36 3 2 254 2 373 0
36 4 437 182 521 255 0
36 5 656 165 748 250 0
36 8 507 182 550 218 0
37 3 2 293 2 373 0
37 4 433 182 523 258 0
37 5 663 164 760 254 0
37 8 507 180 552 217 0
38 3 2 373 2 373 0
38 4 426 184 523 265 0
38 5 670 163 774 258 0
38 8 507 181 553 219 0
39 3 2 373 2 373 0
39 4 419 186 522 272 0
39 5 675 163 785 263 0
39 8 508 183 555 222 0
40 4 410 188 522 280 0
40 5 680 164 798 270 0
40 7 487 198 539 233 0
40 8 506 184 555 225 0
40 9 649 183 716 230 0
40 10 548 182 572 203 0
40 11 629 179 654 200 0
41 4 397 189 518 289 0
41 5 684 164 812 278 0
41 7 482 200 537 237 0
41 8 504 186 556 228 0
41 9 652 184 722 233 0
41 10 548 182 573 204 0
41 11 629 179 655 200 0
42 4 382 191 513 298 0
42 5 689 165 827 287 0
42 7 477 202 534 241 0
42 8 500 187 554 231 0
42 9 653 185 727 236 0
42 10 547 183 572 205 0
42 11 629 179 655 200 0
43 4 365 192 509 309 0
43 5 694 166 845 297 0
43 7 471 204 531 244 0
43 8 496 188 552 234 0
43 9 654 186 731 239 0
43 10 546 183 571 206 0
43 11 629 179 655 201 0
44 4 344 194 503 321 0
44 5 699 168 865 309 0
44 7 465 207 528 249 0
44 8 491 189 551 236 0
44 9 655 187 736 243 0
44 10 545 185 571 209 0
44 11 629 179 656 201 0
45 4 320 196 497 337 0
45 5 706 169 890 324 0
45 7 459 209 525 253 0
45 8 486 190 549 239 0
45 9 656 188 740 247 0
45 10 543 186 570 210 0
45 11 629 179 656 201 0
46 4 288 196 490 352 0
46 5 712 168 918 338 0
46 7 452 209 521 255 0
46 8 478 191 544 242 0
46 9 657 189 745 250 0
46 10 541 186 568 210 0
46 11 629 179 657 202 0
47 4 250 196 482 371 0
47 5 720 166 954 356 0
47 7 443 206 517 254 0
47 8 473 186 541 238 0
47 9 658 185 750 248 0
47 10 538 182 566 206 0
47 11 629 179 657 202 0
48 4 200 196 472 373 0
48 5 729 163 999 373 0
48 7 434 204 512 254 0
48 8 467 181 539 235 0
48 9 659 181 756 246 0
48 10 536 178 565 202 0
48 11 628 175 656 198 0
49 4 135 196 461 373 0
49 5 739 160 1058 373 0
49 7 425 206 507 259 0
49 8 460 183 536 239 0
49 9 660 182 764 251 0
49 10 534 176 564 201 0
49 11 628 174 657 198 0
50 4 45 196 447 373 0
50 5 751 155 1137 373 0
50 6 711 186 878 307 0
50 7 415 209 501 265 0
50 8 453 185 532 243 0
50 9 662 183 773 256 0
50 10 533 179 563 204 0
50 11 628 176 657 200 0
51 4 2 199 430 373 0
51 5 766 149 1240 373 0
51 6 717 186 903 319 0
51 7 403 212 495 272 0
51 8 445 187 529 249 0
51 9 665 186 783 264 0
51 10 532 182 563 208 0
51 11 628 178 658 203 0
52 4 2 202 409 373 0
52 5 785 139 1240 373 0
52 6 725 187 937 335 0
52 7 389 215 489 280 0
52 8 437 190 526 256 0
52 9 667 189 793 273 0
52 10 530 183 562 210 0
52 11 628 181 658 206 0
53 4 2 207 382 373 0
53 5 809 122 1240 373 0
53 6 735 188 979 356 0
53 7 373 218 483 289 0
53 8 428 192 523 261 0
53 9 671 189 806 280 0
53 10 529 184 561 211 0
53 11 629 181 660 207 0
54 4 2 212 348 373 0
54 5 841 83 1240 373 0
54 6 746 189 1034 373 0
54 7 355 222 475 300 0
54 8 418 193 520 267 0
54 9 675 190 821 287 0
54 10 527 185 560 213 0
54 11 629 181 661 207 0
55 4 2 219 301 373 0
55 5 886 2 1240 373 0
55 6 759 191 1108 373 0
55 7 333 227 466 312 0
55 8 408 195 516 273 0
55 9 679 191 838 296 0
55 10 525 185 559 214 0
55 11 630 181 662 208 0
56 5 956 2 1240 373 0
56 6 775 192 1211 373 0
56 7 310 231 458 325 0
56 8 396 195 513 280 0
56 9 685 190 858 304 0
56 10 524 186 559 215 0
56 11 631 181 664 209 0
57 6 795 193 1240 373 0
57 7 283 235 448 340 0
57 8 384 196 509 286 0
57 9 692 190 882 315 0
57 10 522 186 558 216 0
57 11 633 181 667 208 0
58 6 821 195 1240 373 0
58 7 249 240 437 358 0
58 8 369 197 505 294 0
58 9 700 190 911 327 0
58 10 522 185 559 216 0
58 11 635 180 670 208 0
59 6 853 197 1240 373 0
59 7 206 244 422 373 0
59 8 353 195 501 299 0
59 9 709 189 947 343 0
59 10 520 181 558 213 0
59 11 637 176 672 205 0
60 6 896 200 1240 373 0
60 7 149 248 405 373 0
60 8 333 192 496 304 0
60 9 719 188 993 362 0
60 10 518 178 557 210 0
60 11 638 173 675 202 0
61 6 961 205 1240 373 0
61 7 71 254 381 373 0
61 8 307 191 490 314 0
61 9 731 191 1060 373 0
61 10 518 175 559 208 0
61 11 640 169 677 199 0
62 7 2 261 352 373 0
62 8 275 191 483 326 0
62 9 746 195 1155 373 0
62 10 517 173 558 208 0
62 11 641 169 680 201 0
63 7 2 271 314 373 0
63 8 235 198 475 355 0
63 9 764 199 1240 373 0
63 10 516 180 559 216 0
63 11 644 177 684 209 0
64 7 2 284 263 373 0
64 8 183 206 465 373 0
64 9 787 204 1240 373 0
64 10 514 189 559 227 0
64 11 647 184 688 218 0
65 7 2 301 192 373 0
65 8 111 211 451 373 0
65 9 818 211 1240 373 0
65 10 512 189 558 228 0
65 11 648 186 690 221 0
66 8 17 213 437 373 0
66 9 856 213 1240 373 0
66 10 511 186 559 225 0
66 11 649 182 693 217 0
67 8 2 216 419 373 0
67 9 912 215 1240 373 0
67 10 510 182 559 223 0
67 11 651 177 696 213 0
68 8 2 219 398 373 0
68 10 507 182 558 224 0
68 11 653 179 700 216 0
69 8 2 223 370 373 0
69 10 503 184 557 228 0
69 11 656 181 704 219 0
70 8 2 228 332 373 0
70 10 499 186 555 231 0
70 11 658 182 709 222 0
70 15 550 183 580 210 0
71 8 2 238 277 373 0
71 10 494 187 553 235 0
71 11 660 183 712 224 0
71 15 549 184 580 212 0
72 10 489 189 551 240 0
72 11 661 183 716 226 0
72 15 548 184 580 212 0
73 10 483 186 548 238 0
73 11 662 181 719 224 0
73 15 546 182 579 210 0
74 10 477 183 545 237 0
74 11 663 178 722 223 0
74 15 544 179 577 208 0
75 10 470 178 542 235 0
75 11 665 174 726 221 0
75 15 541 176 576 206 0
76 10 461 178 538 238 0
76 11 665 176 729 224 0
76 15 539 173 574 204 0
77 10 452 183 533 246 0
77 11 666 177 733 228 0
77 15 533 175 570 207 0
78 10 442 185 530 252 0
78 11 668 179 738 232 0
78 15 531 182 569 214 0
79 10 431 187 526 260 0
79 11 670 181 743 236 0
79 15 528 182 567 215 0
80 10 418 190 522 268 0
80 11 671 183 749 241 0
80 12 460 185 535 243 0
80 15 526 181 566 216 0
80 18 631 178 654 199 0
81 10 404 193 518 277 0
81 11 673 185 755 246 0
81 12 452 186 532 247 0
81 15 524 184 565 220 0
81 18 631 181 655 202 0
82 10 387 196 512 289 0
82 11 676 187 762 252 0
82 12 444 190 529 256 0
82 15 522 187 564 224 0
82 18 632 184 656 206 0
83 10 370 199 507 301 0
83 11 678 189 770 258 0
83 12 435 194 526 265 0
83 15 520 190 563 229 0
83 18 632 187 656 209 0
84 10 349 199 500 311 0
84 11 681 186 780 259 0
84 12 425 191 522 265 0
84 15 517 187 562 227 0
84 18 631 185 656 207 0
85 10 323 197 492 319 0
85 11 685 183 791 261 0
85 12 414 187 518 264 0
85 15 514 183 561 223 0
85 18 633 179 658 202 0
86 10 292 189 484 322 0
86 11 689 178 803 260 0
86 12 401 182 514 264 0
86 15 511 178 559 219 0
86 18 634 170 660 193 0
87 10 252 191 473 343 0
87 11 694 172 820 260 0
87 12 385 182 509 269 0
87 15 508 172 558 215 0
87 18 634 167 661 190 0
88 10 200 196 460 372 0
88 11 699 177 837 272 0
88 12 367 181 503 275 0
88 15 503 177 555 221 0
88 18 634 167 662 190 0
89 10 130 201 444 373 0
89 11 705 181 857 285 0
89 12 345 186 497 291 0
89 15 498 181 552 228 0
89 18 634 175 662 199 0
90 10 32 207 424 373 0
90 11 711 187 880 303 0
90 12 320 191 489 308 0
90 13 682 188 784 260 0
90 14 662 186 735 243 0
90 15 493 185 549 235 0
90 16 656 172 714 229 0
90 17 528 184 567 217 0
90 18 634 183 662 207 0
91 10 2 215 400 373 0
91 11 719 193 908 324 0
91 12 289 197 481 328 0
91 13 686 191 795 268 0
91 14 664 188 741 248 0
91 15 488 187 548 239 0
91 16 657 175 718 233 0
91 17 526 189 566 223 0
91 18 635 184 664 210 0
92 10 2 225 369 373 0
92 11 727 192 943 337 0
92 12 250 198 470 346 0
92 13 690 194 807 277 0
92 14 667 190 748 253 0
92 15 484 190 546 244 0
92 16 659 177 722 238 0
92 17 524 189 565 224 0
92 18 636 185 666 212 0
93 11 737 190 987 354 0
93 12 200 200 458 369 0
93 13 696 191 823 280 0
93 14 669 187 755 253 0
93 15 478 187 544 244 0
93 16 661 173 726 236 0
93 17 521 185 564 221 0
93 18 636 182 666 208 0
94 11 749 188 1044 373 0
94 12 138 200 445 373 0
94 13 702 188 841 283 0
94 14 672 184 762 252 0
94 15 471 185 541 243 0
94 16 662 169 731 235 0
94 17 519 182 563 219 0
94 18 636 178 667 205 0
95 11 763 189 1124 373 0
95 12 59 199 429 373 0
95 13 708 185 862 287 0
95 14 674 180 771 252 0
95 15 465 184 539 245 0
95 16 664 165 737 233 0
95 17 516 180 562 217 0
95 18 636 174 668 202 0
96 11 782 191 1239 373 0
96 12 2 199 408 373 0
96 13 716 185 888 298 0
96 14 677 176 781 252 0
96 15 458 183 536 247 0
96 16 667 165 743 237 0
96 17 514 177 561 216 0
96 18 638 173 670 201 0
97 11 804 193 1240 373 0
97 12 2 205 385 373 0
97 13 725 186 919 311 0
97 14 682 178 793 259 0
97 15 450 181 534 249 0
97 16 670 165 750 240 0
97 17 512 177 561 217 0
97 18 639 174 673 203 0
98 11 833 195 1240 373 0
98 12 2 211 356 373 0
98 13 735 187 957 327 0
98 14 686 180 806 266 0
98 15 442 183 531 255 0
98 16 673 165 758 244 0
98 17 509 178 561 219 0
98 18 640 175 675 205 0
99 11 872 198 1240 373 0
99 12 2 220 317 373 0
99 13 747 190 1005 350 0
99 14 692 181 822 275 0
99 15 433 184 529 261 0
99 16 676 165 766 248 0
99 17 507 178 561 221 0
99 18 642 176 677 206 0
100 11 927 203 1240 373 0
100 12 2 228 262 373 0
100 13 762 194 1068 373 0
100 14 698 183 840 285 0
100 15 423 186 526 268 0
100 16 680 165 775 253 0
100 17 504 180 560 225 0
100 18 643 177 680 208 0
100 19 559 177 583 198 0
101 13 779 198 1153 373 0
101 14 704 186 861 297 0
101 15 411 188 523 277 0
101 16 684 165 786 258 0
101 17 500 182 558 229 0
101 18 645 179 683 211 0
101 19 559 178 583 200 0
102 13 801 204 1240 373 0
102 14 711 188 885 311 0
102 15 397 188 519 284 0
102 16 688 166 798 264 0
102 17 496 185 557 234 0
102 18 647 181 687 214 0
102 19 559 180 584 202 0
103 13 826 207 1240 373 0
103 14 718 190 914 327 0
103 15 380 187 514 291 0
103 16 692 165 811 270 0
103 17 492 182 554 232 0
103 18 648 182 689 216 0
103 19 558 177 583 200 0
104 13 858 211 1240 373 0
104 14 727 190 951 344 0
104 15 360 187 509 301 0
104 16 697 163 827 277 0
104 17 487 178 552 230 0
104 18 648 178 690 213 0
104 19 557 175 582 199 0
105 13 903 217 1240 373 0
105 14 738 191 998 365 0
105 15 335 188 503 314 0
105 16 702 162 845 285 0
105 17 481 176 550 230 0
105 18 649 175 692 211 0
105 19 555 174 582 198 0
106 13 963 224 1240 373 0
106 14 751 191 1059 373 0
106 15 304 189 495 329 0
106 16 708 161 866 294 0
106 17 475 176 548 233 0
106 18 650 176 695 213 0
106 19 554 173 581 197 0
107 14 766 191 1143 373 0
107 15 266 191 486 348 0
107 16 715 159 891 305 0
107 17 469 179 546 239 0
107 18 651 177 697 215 0
107 19 553 175 581 200 0
108 14 783 192 1240 373 0
108 15 218 193 475 373 0
108 16 723 157 922 319 0
108 17 462 180 543 243 0
108 18 652 178 700 217 0
108 19 552 175 581 200 0
109 14 804 194 1240 373 0
109 15 154 195 463 373 0
109 16 732 154 960 336 0
109 17 454 176 540 242 0
109 18 653 175 702 216 0
109 19 550 172 579 197 0
110 14 832 196 1240 373 0
110 15 67 196 448 373 0
110 16 743 150 1007 356 0
110 17 445 172 537 242 0
110 18 653 173 704 215 0
110 19 548 168 578 194 0
111 14 869 199 1240 373 0
111 15 2 198 430 373 0
111 16 756 145 1068 373 0
111 17 434 168 534 242 0
111 18 653 170 706 213 0
111 19 546 164 577 191 0
112 14 924 203 1240 373 0
112 15 2 200 407 373 0
112 16 771 138 1151 373 0
112 17 423 168 530 247 0
112 18 654 167 708 212 0
112 19 544 165 575 192 0
113 15 2 203 377 373 0
113 16 790 133 1240 373 0
113 17 410 170 526 255 0
113 18 655 167 712 214 0
113 19 544 167 576 195 0
114 15 2 207 338 373 0
114 16 812 125 1240 373 0
114 17 395 174 522 265 0
114 18 657 171 717 220 0
114 19 543 169 576 197 0
115 15 2 212 284 373 0
115 16 842 111 1240 373 0
115 17 378 184 517 284 0
115 18 660 180 722 231 0
115 19 541 177 575 206 0
116 16 882 79 1240 373 0
116 17 359 190 513 301 0
116 18 663 187 728 241 0
116 19 540 184 574 214 0
117 16 938 2 1240 373 0
117 17 337 197 507 321 0
117 18 666 192 735 250 0
117 19 538 190 574 222 0
118 17 310 196 501 332 0
118 18 669 193 742 253 0
118 19 537 190 574 222 0
119 17 278 194 494 345 0
119 18 672 189 750 252 0
119 19 536 186 574 219 0
120 17 237 193 487 362 0
120 18 675 187 758 253 0
120 19 535 181 574 215 0
120 20 649 182 695 220 0
120 24 636 178 663 202 0
121 17 184 191 477 373 0
121 18 679 184 766 252 0
121 19 534 177 574 211 0
121 20 651 181 699 220 0
121 24 638 176 665 200 0
122 17 114 193 466 373 0
122 18 683 184 776 256 0
122 19 533 177 574 212 0
122 20 653 180 702 220 0
122 24 639 175 667 200 0
123 17 16 195 453 373 0
123 18 687 181 787 258 0
123 19 532 178 574 214 0
123 20 655 178 707 219 0
123 24 641 174 669 199 0
124 17 2 198 436 373 0
124 18 691 182 799 264 0
124 19 531 179 574 216 0
124 20 656 180 709 223 0
124 24 643 176 672 202 0
125 17 2 202 416 373 0
125 18 696 186 813 274 0
125 19 529 179 574 218 0
125 20 657 182 713 227 0
125 24 644 178 674 204 0
126 17 2 206 390 373 0
126 18 702 189 829 286 0
126 19 526 181 572 220 0
126 20 658 184 716 231 0
126 24 644 179 675 206 0
127 17 2 212 356 373 0
127 18 708 189 848 294 0
127 19 522 182 570 223 0
127 20 660 182 719 229 0
127 24 644 181 675 209 0
128 17 2 219 304 373 0
128 18 715 187 870 299 0
128 19 520 178 569 220 0
128 20 661 179 723 228 0
128 24 645 177 677 205 0
129 17 2 229 227 373 0
129 18 723 183 897 306 0
129 19 517 174 569 217 0
129 20 663 175 728 226 0
129 24 645 172 678 201 0
130 18 731 184 930 320 0
130 19 514 176 567 221 0
130 20 664 176 732 230 0
130 23 554 174 583 200 0
130 24 646 171 679 200 0
131 18 742 186 971 342 0
131 19 510 178 566 224 0
131 20 666 178 737 233 0
131 23 553 178 583 205 0
131 24 647 174 681 204 0
132 18 754 190 1024 371 0
132 19 505 180 564 228 0
132 20 668 180 743 239 0
132 23 552 182 582 209 0
132 24 648 178 683 209 0
133 18 769 191 1095 373 0
133 19 500 181 562 232 0
133 20 670 183 749 244 0
133 23 550 183 581 211 0
133 24 647 179 683 211 0
134 18 786 197 1194 373 0
134 19 495 182 560 235 0
134 20 672 184 755 249 0
134 23 548 183 579 213 0
134 24 647 180 684 213 0
135 18 807 201 1240 373 0
135 19 490 183 557 238 0
135 20 673 186 762 255 0
135 23 546 184 578 214 0
135 24 646 182 684 215 0
136 18 834 207 1240 373 0
136 19 484 183 555 241 0
136 20 675 186 769 259 0
136 23 543 185 576 216 0
136 24 646 181 685 215 0
137 18 870 210 1240 373 0
137 19 477 182 551 243 0
137 20 676 186 778 263 0
137 23 540 186 574 218 0
137 24 646 180 686 215 0
138 18 920 212 1240 373 0
138 19 469 181 546 245 0
138 20 678 186 787 269 0
138 23 536 183 572 215 0
138 24 646 180 687 215 0
139 19 461 181 543 249 0
139 20 681 186 798 274 0
139 23 533 182 570 216 0
139 24 646 179 688 216 0
140 19 452 182 540 252 0
140 20 684 185 811 279 0
140 21 682 180 759 243 0
140 23 531 182 568 216 0
140 24 646 178 689 216 0
141 19 441 182 536 256 0
141 20 688 185 826 286 0
141 21 685 180 767 247 0
141 23 528 182 566 217 0
141 24 646 178 690 216 0
142 19 430 182 532 261 0
142 20 692 184 844 294 0
142 21 688 180 775 250 0
142 23 524 182 565 218 0
142 24 646 177 692 216 0
143 19 419 183 529 268 0
143 20 698 186 867 307 0
143 21 691 180 785 255 0
143 23 522 183 564 220 0
143 24 648 178 695 219 0
144 19 407 185 525 276 0
144 20 705 188 895 324 0
144 21 695 180 795 259 0
144 23 519 184 562 223 0
144 24 649 179 698 221 0
145 19 393 186 520 286 0
145 20 713 191 930 344 0
145 21 699 180 807 265 0
145 23 517 186 561 225 0
145 24 651 181 701 224 0
146 19 375 187 516 295 0
146 20 722 192 973 366 0
146 21 704 180 821 271 0
146 23 513 183 559 224 0
146 24 653 180 705 224 0
147 19 355 188 510 306 0
147 20 732 194 1028 373 0
147 21 710 181 838 279 0
147 23 509 184 557 226 0
147 24 654 179 708 225 0
148 19 330 188 505 319 0
148 20 744 195 1104 373 0
148 21 716 182 857 289 0
148 23 506 185 556 229 0
148 24 656 177 712 225 0
149 19 299 189 498 334 0
149 20 759 197 1214 373 0
149 21 723 184 879 301 0
149 23 502 186 554 232 0
149 24 657 179 716 229 0
150 19 262 190 491 353 0
150 20 778 200 1240 373 0
150 21 732 185 907 315 0
150 23 497 187 552 235 0
150 24 659 181 719 233 0
151 19 213 191 482 373 0
151 20 802 203 1240 373 0
151 21 741 187 940 332 0
151 23 493 187 550 237 0
151 24 659 181 722 234 0
152 19 149 193 470 373 0
152 20 835 207 1240 373 0
152 21 752 187 982 351 0
152 23 488 187 547 239 0
152 24 659 180 725 235 0
153 19 59 195 456 373 0
153 20 881 214 1240 373 0
153 21 765 187 1036 373 0
153 23 482 187 545 242 0
153 24 659 179 727 237 0
154 19 2 197 438 373 0
154 20 951 223 1240 373 0
154 21 781 187 1108 373 0
154 23 476 189 542 246 0
154 24 661 180 733 240 0
155 19 2 200 417 373 0
155 21 800 187 1211 373 0
155 23 469 190 539 250 0
155 24 663 181 739 244 0
156 19 2 204 389 373 0
156 21 826 187 1240 373 0
156 23 461 191 536 255 0
156 24 665 182 746 249 0
157 19 2 209 353 373 0
157 21 858 188 1240 373 0
157 23 453 192 533 259 0
157 24 667 181 753 251 0
158 21 902 189 1240 373 0
158 23 444 192 530 263 0
158 24 670 179 761 254 0
159 21 966 191 1240 373 0
159 23 435 190 527 265 0
159 24 673 178 771 256 0
160 21 1073 194 1240 373 0
160 22 808 182 847 259 1
160 23 424 187 524 266 0
160 24 676 176 781 260 0
160 25 664 185 735 240 0
160 26 651 174 714 228 0
160 27 534 181 570 211 0
160 28 640 172 680 210 0
161 22 816 183 857 263 1
161 23 412 187 520 272 0
161 24 681 176 794 265 0
161 25 667 184 742 241 0
161 26 653 173 718 229 0
161 27 532 180 569 211 0
161 28 641 169 682 209 0
162 22 824 184 868 267 1
162 23 398 187 515 278 0
162 24 686 176 809 272 0
162 25 670 182 750 242 0
162 26 655 172 724 231 0
162 27 531 179 569 210 0
162 28 642 169 684 209 0
163 22 833 185 879 271 1
163 23 382 187 510 285 0
163 24 691 175 827 280 0
163 25 674 182 758 245 0
163 26 657 171 729 232 0
163 27 529 178 568 210 0
163 28 643 168 687 209 0
164 22 844 185 893 274 1
164 23 364 187 505 294 0
164 24 698 175 847 289 0
164 25 677 182 768 249 0
164 26 659 170 735 234 0
164 27 528 177 568 210 0
164 28 644 167 689 210 0
165 22 855 184 907 277 1
165 23 342 187 498 304 0
165 24 705 175 872 300 0
165 25 681 182 779 253 0
165 26 662 170 742 236 0
165 27 527 176 568 210 0
165 28 645 166 692 210 0
166 22 867 183 923 281 1
166 23 315 187 491 316 0
166 24 714 175 902 313 0
166 25 686 182 791 258 0
166 26 664 169 749 239 0
166 27 526 175 568 210 0
166 28 647 165 695 210 0
167 22 879 184 939 286 1
167 23 282 187 482 331 0
167 24 723 175 938 330 0
167 25 691 182 805 264 0
167 26 667 168 757 242 0
167 27 525 174 568 210 0
167 28 649 164 699 210 0
168 22 892 185 957 292 1
168 23 240 189 473 353 0
168 24 734 175 984 351 0
168 25 697 184 821 272 0
168 26 671 168 766 245 0
168 27 523 173 568 210 0
168 28 651 163 703 210 0
169 22 906 186 976 299 1
169 23 184 192 461 373 0
169 24 747 175 1044 373 0
169 25 704 186 841 283 0
169 26 674 167 776 249 0
169 27 522 175 568 213 0
169 28 654 164 707 214 0
170 22 921 187 998 306 1
170 23 108 194 446 373 0
170 24 763 175 1127 373 0
170 25 712 188 864 295 0
170 26 678 168 786 255 0
170 27 521 177 568 216 0
170 28 656 167 711 217 0
171 22 938 188 1022 315 1
171 23 2 198 428 373 0
171 24 784 176 1240 373 0
171 25 722 191 893 309 0
171 26 682 170 798 263 0
171 27 520 179 569 220 0
171 28 659 169 716 221 0
172 22 957 189 1049 324 1
172 23 2 202 405 373 0
172 24 809 176 1240 373 0
172 25 733 194 928 327 0
172 26 687 171 813 271 0
172 27 518 181 569 224 0
172 28 662 171 722 225 0
173 22 977 191 1079 335 1
173 23 2 208 374 373 0
173 24 843 177 1240 373 0
173 25 746 197 972 350 0
173 26 693 173 831 280 0
173 27 514 185 569 229 0
173 28 663 170 725 226 0
174 22 1001 192 1115 347 1
174 23 2 216 331 373 0
174 24 890 180 1240 373 0
174 25 760 199 1029 373 0
174 26 700 172 852 288 0
174 27 514 181 569 227 0
174 28 664 168 728 226 0
175 22 1027 194 1155 361 1
175 23 2 226 254 373 0
175 24 962 179 1240 373 0
175 25 777 201 1108 373 0
175 26 707 171 876 298 0
175 27 511 180 568 227 0
175 28 666 165 733 225 0
176 22 1058 196 1204 373 1
176 25 799 203 1222 373 0
176 26 715 169 905 310 0
176 27 507 179 566 228 0
176 28 669 161 739 224 0
177 22 1094 198 1240 373 1
177 25 827 207 1240 373 0
177 26 725 167 941 324 0
177 27 503 177 565 228 0
177 28 672 161 746 226 0
178 25 864 211 1240 373 0
178 26 736 164 986 343 0
178 27 496 175 561 227 0
178 28 675 158 753 226 0
179 25 915 217 1240 373 0
179 26 746 162 1043 368 0
179 27 491 175 560 230 0
179 28 678 157 760 228 0
180 25 985 226 1240 373 0
180 26 759 160 1119 373 0
180 27 485 176 558 233 0
180 28 680 158 767 232 0
180 29 663 176 715 219 0
181 26 774 157 1229 373 0
181 27 478 176 556 237 0
181 28 683 158 775 236 0
181 29 665 177 719 221 0
182 26 793 152 1240 373 0
182 27 471 180 554 244 0
182 28 685 162 783 245 0
182 29 667 181 724 227 0
183 26 818 143 1240 373 0
183 27 462 184 551 252 0
183 28 689 164 793 251 0
183 29 668 185 727 234 0
184 26 851 122 1240 373 0
184 27 454 182 548 254 0
184 28 692 165 804 258 0
184 29 669 182 731 232 0
185 26 897 33 1240 373 0
185 27 444 180 545 256 0
185 28 695 161 816 260 0
185 29 670 179 734 231 0
186 26 963 2 1240 373 0
186 27 433 178 541 258 0
186 28 699 157 829 262 0
186 29 671 176 738 229 0
187 27 420 180 537 267 0
187 28 704 152 845 265 0
187 29 672 177 743 233 0
188 27 404 182 532 276 0
188 28 708 151 863 273 0
188 29 674 179 748 237 0
189 27 386 184 526 287 0
189 28 713 150 884 283 0
189 29 675 180 753 242 0
190 27 365 187 520 301 0
190 28 719 149 908 294 0
190 29 677 182 760 247 0
190 30 660 182 722 230 0
190 32 666 174 694 196 0
191 27 339 186 513 311 0
191 28 726 148 938 308 0
191 29 679 183 767 252 0
191 30 660 184 726 235 0
191 32 665 173 694 195 0
192 27 309 185 505 323 0
192 28 733 147 975 325 0
192 29 681 182 775 255 0
192 30 661 183 729 235 0
192 32 664 172 693 195 0
193 27 271 186 496 341 0
193 28 742 145 1021 346 0
193 29 683 181 784 259 0
193 30 661 181 733 236 0
193 32 664 171 693 194 0
194 27 222 186 486 364 0
194 28 752 139 1080 370 0
194 29 686 180 794 263 0
194 30 662 179 738 236 0
194 32 663 170 693 194 0
195 27 157 187 473 373 0
195 28 765 131 1161 373 0
195 29 689 179 806 267 0
195 30 662 177 742 237 0
195 32 662 169 692 193 0
196 27 66 188 459 373 0
196 28 780 119 1240 373 0
196 29 692 177 819 272 0
196 30 663 177 747 240 0
196 32 662 168 693 193 0
197 27 2 189 441 373 0
197 28 799 101 1240 373 0
197 29 697 177 837 280 0
197 30 664 177 753 244 0
197 32 661 168 693 192 0
198 27 2 190 418 373 0
198 28 822 71 1240 373 0
198 29 703 177 858 289 0
198 30 664 177 760 248 0
198 32 661 167 693 192 0
199 27 2 192 389 373 0
199 28 853 4 1240 373 0
199 29 709 177 884 300 0
199 30 668 178 770 253 0
199 32 662 167 695 193 0
200 27 2 194 349 373 0
200 28 895 2 1240 373 0
200 29 717 176 914 314 0
200 30 672 178 781 258 0
200 32 663 167 697 193 0
201 27 2 197 296 373 0
201 28 955 2 1240 373 0
201 29 727 177 954 333 0
201 30 677 179 794 264 0
201 32 665 167 699 194 0
202 27 2 201 213 373 0
202 28 1065 2 1240 373 0
202 29 739 179 1006 357 0
202 30 682 180 808 272 0
202 32 666 168 702 195 0
203 29 753 180 1074 373 0
203 30 688 181 825 280 0
203 32 668 168 704 196 0
204 29 770 182 1171 373 0
204 30 695 182 845 290 0
204 32 670 168 707 196 0
205 29 791 183 1240 373 0
205 30 702 183 869 301 0
205 32 673 167 711 196 0
206 29 818 185 1240 373 0
206 30 711 183 898 315 0
206 32 676 167 714 196 0
207 29 853 187 1240 373 0
207 30 720 183 935 331 0
207 32 678 167 718 197 0
208 29 902 189 1240 373 0
208 30 732 184 981 352 0
208 32 681 167 722 197 0
209 29 974 193 1240 373 0
209 30 745 184 1042 373 0
209 32 684 166 725 198 0
210 30 762 184 1126 373 0
210 31 358 177 452 218 0
210 32 686 166 729 198 0
210 33 564 178 590 203 0
211 30 778 186 1239 373 0
211 31 350 176 447 219 0
211 32 689 166 733 198 0
211 33 564 177 590 203 0
212 30 799 187 1240 373 0
212 31 342 175 443 220 0
212 32 691 165 736 199 0
212 33 563 176 590 202 0
213 30 827 189 1240 373 0
213 31 331 175 436 221 0
213 32 691 166 738 200 0
213 33 562 175 590 202 0
214 30 863 191 1240 373 0
214 31 319 176 428 223 0
214 32 691 166 739 201 0
214 33 559 177 588 204 0
215 30 914 195 1240 373 0
215 31 306 176 420 225 0
215 32 691 167 741 203 0
215 33 557 179 586 207 0
216 31 292 176 411 227 0
216 32 692 167 742 204 0
216 33 552 178 582 207 0
217 31 277 176 401 229 0
217 32 690 166 742 204 0
217 33 547 178 578 207 0
218 31 260 175 390 230 0
218 32 688 164 742 203 0
218 33 542 175 573 205 0
219 31 240 173 377 231 0
219 32 686 163 741 202 0
219 33 536 172 569 203 0
220 31 220 173 364 234 0
220 32 684 161 741 202 0
220 33 531 173 564 205 0
221 31 197 174 349 237 0
221 32 681 160 740 202 0
221 33 524 175 558 207 0
222 31 172 174 333 241 0
222 32 678 160 738 203 0
222 33 518 176 553 209 0
223 31 145 177 316 247 0
223 32 674 161 735 205 0
223 33 509 177 546 212 0
224 31 116 179 298 253 0
224 32 670 163 732 208 0
224 33 501 179 539 214 0
225 31 84 182 277 260 0
225 32 666 164 729 210 0
225 33 492 180 532 217 0
226 31 49 185 255 268 0
226 32 661 165 726 213 0
226 33 482 182 525 219 0
227 31 14 186 234 274 0
227 32 656 163 723 212 0
227 33 474 180 517 219 0
228 31 2 188 212 280 0
228 32 650 161 719 211 0
228 33 464 179 510 218 0
229 31 2 189 186 287 0
229 32 646 160 717 211 0
229 33 455 177 502 217 0
230 31 2 191 158 295 0
230 32 642 158 714 210 0
230 33 447 179 495 220 0
230 34 472 179 506 207 0
231 31 2 192 127 305 0
231 32 638 161 713 214 0
231 33 438 181 488 224 0
231 34 465 181 501 209 0
232 31 2 193 96 313 0
232 32 635 164 711 219 0
232 33 428 183 481 227 0
232 34 459 183 496 211 0
233 32 631 167 710 223 0
233 33 419 185 473 231 0
233 34 452 185 491 214 0
234 32 631 166 712 224 0
234 33 412 184 468 231 0
234 34 445 187 486 217 0
235 32 630 161 713 220 0
235 33 404 183 463 231 0
235 34 442 183 484 213 0
236 32 630 158 715 220 0
236 33 399 178 460 228 0
236 34 438 182 482 213 0
237 32 632 159 720 223 0
237 33 394 180 458 231 0
237 34 435 184 480 216 0
238 32 635 163 725 229 0
238 33 389 184 455 237 0
238 34 432 187 478 220 0
239 32 638 169 732 236 0
239 33 383 189 453 244 0
239 34 429 189 476 224 0
240 32 641 170 738 240 0
240 33 380 190 452 248 0
240 34 428 195 476 231 0
241 32 644 169 745 241 0
241 33 375 189 450 248 0
241 34 426 191 476 227 0
242 32 648 163 753 238 0
242 33 371 186 448 246 0
242 34 424 187 476 224 0
243 32 653 160 762 237 0
243 33 366 182 446 244 0
243 34 423 184 476 220 0
244 32 657 158 771 239 0
244 33 360 183 445 248 0
244 34 422 187 476 225 0
245 32 662 157 781 242 0
245 33 355 187 445 254 0
245 34 422 190 477 229 0
246 32 669 164 794 252 0
246 33 349 190 444 261 0
246 34 421 193 478 234 0
247 32 675 166 807 258 0
247 33 343 193 444 269 0
247 34 421 196 480 239 0
248 32 682 163 822 259 0
248 33 337 192 443 271 0
248 34 422 194 481 237 0
249 32 690 159 837 260 0
249 33 330 191 443 273 0
249 34 422 192 483 235 0
250 32 698 155 855 262 0
250 33 322 190 442 275 0
250 34 423 189 485 234 0
250 35 452 177 502 219 0
251 32 706 148 875 261 0
251 33 313 190 441 278 0
251 34 423 187 487 232 0
251 35 453 175 505 218 0
252 32 716 143 898 263 0
252 33 302 189 439 282 0
252 34 424 184 489 231 0
252 35 455 173 507 217 0
253 32 724 137 920 265 0
253 33 291 189 436 286 0
253 34 422 185 490 232 0
253 35 456 170 511 216 0
254 32 733 136 945 272 0
254 33 278 188 434 291 0
254 34 421 185 490 234 0
254 35 455 172 511 219 0
255 32 742 137 972 283 0
255 33 262 191 430 302 0
255 34 417 187 490 238 0
255 35 454 174 512 222 0
256 32 752 140 1004 297 0
256 33 244 195 426 314 0
256 34 412 189 489 243 0
256 35 453 175 513 225 0
257 32 763 136 1040 307 0
257 33 223 199 421 328 0
257 34 408 191 489 247 0
257 35 452 177 514 228 0
258 32 776 135 1084 321 0
258 33 195 199 413 339 0
258 34 403 194 489 252 0
258 35 450 179 514 231 0
259 32 787 132 1135 338 0
259 33 163 200 405 351 0
259 34 398 196 488 258 0
259 35 447 180 513 234 0
260 32 800 128 1197 358 0
260 33 125 201 395 366 0
260 34 390 197 485 261 0
260 35 443 181 512 237 0
260 36 535 159 574 206 1
260 37 600 180 632 208 1
260 38 592 178 605 209 1
261 32 815 123 1240 373 0
261 33 79 202 384 373 0
261 34 382 197 481 265 0
261 35 440 182 511 239 0
261 36 533 157 574 205 1
261 37 601 180 633 209 1
261 38 593 177 606 209 1
262 32 832 117 1240 373 0
262 33 24 202 372 373 0
262 34 373 198 478 268 0
262 35 435 181 509 240 0
262 36 531 156 574 205 1
262 37 601 180 634 209 1
262 38 594 176 607 209 1
263 32 851 108 1240 373 0
263 33 2 205 356 373 0
263 34 363 198 474 271 0
263 35 430 180 507 241 0
263 36 529 154 574 205 1
263 37 602 178 635 208 1
263 38 595 175 608 208 1
264 32 875 95 1240 373 0
264 33 2 207 337 373 0
264 34 351 197 469 274 0
264 35 424 179 505 242 0
264 36 527 151 573 203 1
264 37 603 177 637 207 1
264 38 595 175 608 208 1
265 32 903 76 1240 373 0
265 33 2 210 316 373 0
265 34 339 197 464 278 0
265 35 418 177 502 243 0
265 36 525 151 573 204 1
265 37 604 176 639 207 1
265 38 596 174 609 208 1
266 32 937 40 1240 373 0
266 33 2 214 290 373 0
266 34 323 200 459 287 0
266 35 412 181 500 249 0
266 36 522 151 572 206 1
266 37 606 177 641 209 1
266 38 596 173 610 208 1
267 32 979 2 1240 373 0
267 33 2 218 260 373 0
267 34 305 204 453 297 0
267 35 405 184 498 255 0
267 36 519 152 572 209 1
267 37 606 180 642 213 1
267 38 597 177 611 213 1
268 32 1046 2 1240 373 0
268 33 2 223 219 373 0
268 34 284 207 446 309 0
268 35 397 187 495 262 0
268 36 517 154 571 212 1
268 37 607 183 644 217 1
268 38 598 181 612 217 1
269 32 1140 2 1240 373 0
269 33 2 228 165 373 0
269 34 261 212 439 323 0
269 35 388 190 493 270 0
269 36 513 159 571 219 1
269 37 609 187 646 221 1
269 38 599 185 614 222 1
270 34 233 217 431 339 0
270 35 379 194 490 278 0
270 36 509 160 569 223 1
270 37 611 189 649 224 1
270 38 600 182 615 219 1
271 34 200 218 420 352 0
271 35 370 190 487 279 0
271 36 505 154 567 219 1
271 37 611 185 650 221 1
271 38 601 178 616 217 1
272 34 161 220 409 368 0
272 35 357 185 482 276 0
272 36 502 148 566 215 1
272 37 612 181 652 217 1
272 38 601 175 617 214 1
273 34 113 222 396 373 0
273 35 344 183 477 279 0
273 36 497 141 564 210 1
273 37 613 176 654 214 1
273 38 602 175 618 215 1
274 34 53 224 381 373 0
274 35 330 181 473 283 0
274 36 493 140 562 212 1
274 37 614 176 656 214 1
274 38 603 175 619 217 1
275 34 2 227 363 373 0
275 35 313 181 467 289 0
275 36 488 139 561 214 1
275 37 615 176 658 215 1
275 38 604 175 621 218 1
276 34 2 230 343 373 0
276 35 295 182 461 297 0
276 36 483 137 559 216 1
276 37 616 176 660 216 1
276 38 604 173 621 217 1
277 34 2 234 317 373 0
277 35 273 182 454 305 0
277 36 477 136 557 218 1
277 37 616 174 661 215 1
277 38 605 171 622 215 1
278 34 2 238 287 373 0
278 35 249 182 447 315 0
278 36 471 135 555 220 1
278 37 617 172 663 215 1
278 38 605 168 623 214 1
279 34 2 244 248 373 0
279 35 218 184 438 330 0
279 36 465 133 553 223 1
279 37 617 174 665 218 1
279 38 606 170 624 217 1
280 34 2 253 198 373 0
280 35 181 187 427 347 0
280 36 457 131 551 225 1
280 37 617 177 666 222 1
280 38 606 172 626 221 1
281 35 136 190 415 369 0
281 36 450 130 547 229 1
281 37 617 179 668 225 1
281 38 607 174 627 224 1
282 35 82 190 401 373 0
282 36 441 130 543 234 1
282 37 616 180 669 228 1
282 38 604 175 625 227 1
283 35 14 190 386 373 0
283 36 431 129 539 239 1
283 37 616 182 670 232 1
283 38 602 177 623 230 1
284 35 2 190 367 373 0
284 36 420 129 535 246 1
284 37 615 183 672 235 1
284 38 599 178 620 234 1
285 35 2 190 346 373 0
285 36 408 122 530 247 1
285 37 615 181 674 235 1
285 38 597 173 620 231 1
286 35 2 191 320 373 0
286 36 394 113 525 246 1
286 37 615 176 676 232 1
286 38 596 168 620 228 1
287 35 2 191 289 373 0
287 36 378 97 519 240 1
287 37 615 167 678 225 1
287 38 595 163 619 224 1
288 35 2 191 250 373 0
288 36 359 90 512 244 1
288 37 615 164 680 224 1
288 38 595 157 620 220 1
289 35 2 191 201 373 0
289 36 342 77 507 243 1
289 37 615 161 683 223 1
289 38 595 153 621 219 1
290 35 2 193 130 373 0
290 36 322 73 502 252 1
290 37 615 165 686 230 1
290 38 595 158 622 226 1
291 36 298 72 495 266 1
291 37 616 170 690 237 1
291 38 596 162 624 232 1
292 36 270 68 489 281 1
292 37 617 175 694 245 1
292 38 597 165 625 239 1
293 36 236 62 481 298 1
293 37 617 180 699 254 1
293 38 597 170 627 246 1
294 36 194 54 472 318 1
294 37 617 181 703 260 1
294 38 598 174 629 254 1
295 36 140 34 462 334 1
295 37 618 180 708 262 1
295 38 598 172 631 255 1
296 36 70 15 450 361 1
296 37 619 178 714 263 1
296 38 599 170 633 257 1
297 36 8 2 441 373 1
297 37 621 176 719 265 1
297 38 600 168 635 258 1
298 36 2 2 431 373 1
298 37 622 174 726 267 1
298 38 601 166 637 260 1
299 36 2 2 420 373 1
299 37 624 172 732 270 1
299 38 602 163 640 262 1
300 36 2 2 406 373 1
300 37 626 173 741 276 1
300 38 604 163 644 266 1
301 36 2 2 390 373 1
301 37 629 174 750 283 1
301 38 607 163 649 271 1
302 36 2 2 371 373 1
302 37 634 174 761 288 1
302 38 610 163 654 276 1
303 36 2 2 349 373 1
303 37 640 173 773 294 1
303 38 613 162 659 282 1
304 36 2 2 321 373 1
304 37 646 173 787 300 1
304 38 622 163 670 288 1
305 36 2 2 303 373 1
305 37 659 177 811 312 1
305 38 632 164 683 295 1
306 36 2 2 281 373 1
306 37 673 181 838 325 1
306 38 643 165 696 303 1
307 36 2 2 254 373 1
307 37 689 185 869 340 1
307 38 662 167 718 313 1
308 36 2 2 219 373 1
308 37 707 185 904 352 1
308 38 682 170 742 323 1
309 36 2 2 172 373 1
309 37 727 185 946 367 1
309 38 706 172 769 336 1
310 37 750 186 995 373 1
310 38 732 175 799 349 1
310 39 726 182 783 231 0
310 40 298 190 456 265 0
310 41 385 193 420 274 1
310 42 715 171 750 210 0
311 37 775 186 1054 373 1
311 38 759 172 832 359 1
311 39 744 180 803 230 0
311 40 311 191 471 268 0
311 41 398 190 433 273 1
311 42 734 171 770 210 0
312 37 803 187 1127 373 1
312 38 790 169 869 371 1
312 39 764 178 825 229 0
312 40 321 189 484 267 0
312 41 411 187 446 272 1
312 42 752 168 789 208 0
313 37 835 187 1217 373 1
313 38 820 170 906 373 1
313 39 784 176 847 228 0
313 40 332 187 497 266 0
313 41 424 184 460 270 1
313 42 771 166 809 206 0
314 37 863 190 1240 373 1
314 38 855 171 950 373 1
314 39 804 174 871 227 0
314 40 343 184 511 265 0
314 41 435 181 472 270 1
314 42 790 163 830 203 0
315 37 894 192 1240 373 1
315 38 897 172 1003 373 1
315 39 826 171 896 226 0
315 40 354 182 525 265 0
315 41 447 179 485 270 1
315 42 808 162 848 203 0
316 37 931 195 1240 373 1
316 38 947 173 1066 373 1
316 39 845 174 920 230 0
316 40 366 179 540 264 0
316 41 457 179 495 272 1
316 42 825 163 866 205 0
317 37 974 199 1240 373 1
317 38 1009 174 1145 373 1
317 39 864 176 944 234 0
317 40 365 178 544 266 0
317 41 464 180 504 276 1
317 42 843 164 885 207 0
318 37 1025 204 1240 373 1
318 38 1069 176 1225 373 1
318 39 874 179 958 239 0
318 40 363 178 549 269 0
318 41 466 177 507 276 1
318 42 853 167 897 210 0
319 37 1072 206 1240 373 1
319 38 1145 179 1240 373 1
319 39 884 181 972 243 0
319 40 355 177 546 272 0
319 41 464 177 507 280 1
319 42 860 169 905 214 0
320 39 891 183 980 248 0
320 40 345 177 544 275 0
320 41 454 176 499 283 1
320 42 864 168 910 213 0
321 39 888 184 982 250 0
321 40 335 177 541 279 0
321 41 444 175 490 287 1
321 42 862 168 909 214 0
322 39 885 184 983 252 0
322 40 314 175 530 282 0
322 41 425 173 474 291 1
322 42 854 168 902 214 0
323 39 875 185 975 253 0
323 40 287 172 514 285 0
323 41 404 172 455 296 1
323 42 842 169 890 215 0
324 39 864 185 968 255 0
324 40 251 168 494 288 0
324 41 374 170 428 302 1
324 42 829 169 878 216 0
325 39 850 185 956 256 0
325 40 210 164 469 291 0
325 41 340 168 397 309 1
325 42 812 169 862 216 0
326 39 835 184 944 257 0
326 40 162 164 440 300 0
326 41 301 166 362 317 1
326 42 795 169 845 216 0
327 39 821 185 933 260 0
327 40 105 160 407 307 0
327 41 256 165 322 329 1
327 42 779 166 828 214 0
328 39 806 186 922 263 0
328 40 40 159 372 317 0
328 41 203 164 275 344 1
328 42 762 167 812 215 0
329 39 791 187 910 266 0
329 40 2 160 336 334 0
329 41 139 162 219 361 1
329 42 745 169 795 217 0
330 39 779 190 902 272 0
330 40 2 162 294 354 0
330 41 61 160 151 373 0
330 42 727 170 778 219 0
331 39 766 192 894 279 0
331 40 2 163 244 373 0
331 41 2 161 84 373 0
331 42 712 175 764 225 0
332 39 752 195 885 287 0
332 40 2 166 183 373 0
332 42 697 180 750 231 0
333 39 744 195 884 291 0
333 40 2 163 110 373 0
333 42 683 178 737 230 0
334 39 736 192 883 291 0
334 42 674 174 729 228 0
335 39 732 190 890 293 0
335 42 664 171 720 225 0
336 39 729 188 897 296 0
336 42 660 170 718 226 0
337 39 730 189 912 306 0
337 42 655 170 715 226 0
338 39 731 191 930 317 0
338 42 650 169 712 227 0
339 39 733 193 950 330 0
339 42 648 169 711 229 0
340 39 739 192 980 342 0
340 42 645 169 710 230 0
341 39 746 192 1016 356 0
341 42 645 167 711 231 0
342 39 754 191 1060 373 0
342 42 644 166 712 231 0
343 39 766 192 1125 373 0
343 42 646 167 716 234 0
344 39 781 193 1211 373 0
344 42 648 167 721 236 0
345 39 799 195 1240 373 0
345 42 651 167 728 239 0
346 39 820 197 1240 373 0
346 42 655 166 734 241 0
347 39 846 199 1240 373 0
347 42 658 166 742 244 0
348 39 879 202 1240 373 0
348 42 661 162 750 245 0
349 39 922 206 1240 373 0
349 42 665 159 758 245 0
350 39 994 211 1240 373 0
350 42 669 159 767 250 0
351 42 673 159 778 255 0
352 42 678 159 789 260 0
353 42 683 160 802 266 0
354 42 688 158 816 271 0
355 42 693 155 831 276 0
356 42 699 153 849 282 0
357 42 706 150 870 290 0
358 42 713 146 894 298 0
359 42 721 142 922 308 0
360 42 728 139 953 321 0
361 42 736 135 990 338 0
362 42 745 130 1037 358 0
363 42 755 125 1096 373 0
364 42 767 117 1174 373 0
365 42 782 107 1240 373 0
366 42 799 91 1240 373 0
367 42 821 66 1240 373 0
368 42 848 18 1240 373 0
369 42 883 2 1240 373 0
370 42 931 2 1240 373 0
370 43 771 174 870 213 0
370 44 660 171 684 192 0
371 43 774 172 875 212 0
371 44 659 169 684 190 0
372 43 777 170 881 211 0
372 44 659 168 684 190 0
373 43 781 168 888 210 0
373 44 659 167 684 189 0
374 43 784 166 894 209 0
374 44 658 166 684 188 0
375 43 786 165 899 210 0
375 44 658 164 684 187 0
376 43 788 164 904 210 0
376 44 657 164 684 186 0
377 43 790 163 909 210 0
377 44 656 163 683 186 0
378 43 792 163 915 211 0
378 44 654 162 682 186 0
379 43 795 162 921 211 0
379 44 653 162 681 185 0
380 43 797 163 927 214 0
380 44 651 163 679 187 0
381 43 799 164 933 217 0
381 44 648 164 677 188 0
382 43 800 165 937 218 0
382 44 646 165 675 190 0
383 43 801 165 940 220 0
383 44 643 167 673 192 0
384 43 801 165 944 221 0
384 44 640 167 670 192 0
385 43 802 166 948 223 0
385 44 636 167 667 193 0
386 43 803 166 953 225 0
386 44 633 168 664 194 0
387 43 803 166 957 227 0
387 44 629 168 661 194 0
388 43 804 167 962 228 0
388 44 626 169 657 195 0
389 43 805 166 966 229 0
389 44 622 169 654 196 0
390 43 806 166 970 230 0
390 44 620 169 653 196 0
391 43 807 165 974 231 0
391 44 618 169 651 196 0
392 43 808 165 978 231 0
392 44 616 169 649 196 0
393 43 809 164 982 232 0
393 44 614 169 648 196 0
394 43 810 164 987 233 0
394 44 612 169 646 197 0
