0 1 207 194 475 373 1
0 2 574 185 667 271 0
1 1 117 194 461 373 1
1 2 577 185 672 273 0
2 1 2 194 442 373 1
2 2 580 184 678 275 0
3 1 2 193 417 373 1
3 2 583 184 685 278 0
4 1 2 192 382 373 1
4 2 593 183 698 280 0
5 1 2 211 328 373 1
5 2 603 182 712 282 0
6 2 614 181 727 284 0
7 2 625 180 743 287 0
8 2 640 180 762 292 0
9 2 655 180 784 297 0
10 2 672 181 807 303 0
11 2 691 182 834 311 0
12 2 712 183 864 320 0
13 2 731 184 898 330 0
14 2 749 183 934 339 0
15 2 767 181 975 349 0
16 2 785 179 1013 360 0
17 2 804 177 1056 372 0
18 2 826 173 1108 373 0
19 2 838 175 1162 373 0
20 2 852 177 1228 373 0
21 2 868 179 1240 373 0
22 2 886 180 1240 373 0
23 2 899 186 1240 373 0
24 2 911 181 1240 373 0
25 2 927 185 1240 373 0
26 2 947 181 1240 373 0
27 2 962 192 1240 373 0
28 2 980 196 1240 373 0
29 2 1002 197 1240 373 0
30 2 1032 205 1240 373 0
31 2 1073 202 1240 373 0
32 2 1124 2 1240 373 0
60 3 120 189 495 309 1
61 3 166 189 541 312 1
62 3 215 190 588 316 1
63 3 265 190 639 320 1
64 3 316 189 693 321 1
65 3 369 188 748 322 1
66 3 424 186 805 324 1
67 3 478 185 864 325 1
68 3 530 186 927 329 1
69 3 583 187 993 332 1
70 3 638 188 1061 336 1
71 3 695 189 1133 340 1
72 3 753 190 1207 344 1
73 3 812 190 1240 348 1
74 3 873 190 1240 351 1
75 3 936 191 1240 354 1
76 3 1001 191 1240 358 1
77 3 1068 191 1240 361 1
100 5 154 189 384 281 0
100 6 32 174 305 276 0
101 5 195 186 421 277 0
101 6 82 171 344 272 0
102 5 237 183 457 273 0
102 6 130 168 384 268 0
103 5 275 182 495 272 0
103 6 171 168 420 269 0
104 5 312 184 533 276 0
104 6 212 169 458 269 0
105 5 351 188 572 282 0
105 6 253 170 495 270 0
106 5 388 187 612 284 0
106 6 294 170 533 271 0
107 5 425 186 653 284 0
107 6 328 170 571 272 0
108 5 464 184 696 283 0
108 6 364 169 610 274 0
109 5 500 184 741 288 0
109 6 401 169 651 276 0
110 5 539 184 791 292 0
110 6 440 168 695 278 0
110 7 45 180 143 245 0
110 8 295 186 349 220 0
110 9 434 187 627 260 0
111 5 582 184 846 297 0
111 6 480 167 742 280 0
111 7 94 180 189 244 0
111 8 335 186 388 219 0
111 9 469 187 666 261 0
112 5 617 184 898 304 0
112 6 522 167 791 281 0
112 7 136 183 229 247 0
112 8 372 185 424 219 0
112 9 506 187 708 263 0
113 5 656 185 955 311 0
113 6 554 165 837 285 0
113 7 175 182 268 246 0
113 8 409 185 460 218 0
113 9 545 186 753 264 0
114 5 698 185 1021 319 0
114 6 589 163 888 290 0
114 7 214 182 305 245 0
114 8 446 185 496 218 0
114 9 585 186 801 266 0
115 5 741 186 1094 330 0
115 6 627 162 945 294 0
115 7 250 176 339 240 0
115 8 478 184 528 218 0
115 9 611 186 838 270 0
116 5 783 184 1176 339 0
116 6 661 160 1003 300 0
116 7 279 178 368 242 0
116 8 505 185 557 219 0
116 9 639 187 879 275 0
117 5 828 185 1240 355 0
117 6 699 157 1069 306 0
117 7 303 181 391 245 0
117 8 534 186 586 221 0
117 9 670 188 925 280 0
118 5 873 186 1240 373 0
118 6 729 158 1133 317 0
118 7 327 183 415 249 0
118 8 556 187 608 223 0
118 9 703 188 976 286 0
119 5 923 194 1240 373 0
119 6 758 157 1202 329 0
119 7 341 183 432 249 0
119 8 579 189 631 225 0
119 9 740 189 1034 293 0
120 5 980 185 1240 373 0
120 6 790 158 1240 346 0
120 7 356 182 450 250 0
120 8 596 188 650 226 0
120 9 762 188 1080 298 0
121 6 824 160 1240 367 0
121 7 369 181 464 250 0
121 8 614 188 670 226 0
121 9 787 187 1131 304 0
122 6 862 149 1240 373 0
122 7 382 180 479 251 0
122 8 630 187 687 225 0
122 9 815 185 1192 310 0
123 6 900 133 1240 373 0
123 7 390 177 489 250 0
123 8 644 185 702 224 0
123 9 846 183 1240 318 0
124 6 944 131 1240 373 0
124 7 397 176 498 251 0
124 8 659 183 718 223 0
124 9 883 181 1240 327 0
