0 1 602 174 684 236 1
0 2 347 180 391 208 0
0 3 423 179 463 206 0
0 26 2 30 51 314 0
1 1 599 174 680 236 1
1 2 336 180 384 209 0
1 3 414 180 458 208 0
2 1 596 176 676 238 1
2 2 324 181 375 212 0
2 3 404 180 452 211 0
3 1 593 177 672 239 1
3 2 310 182 366 215 0
3 3 391 182 444 215 0
4 1 590 179 668 241 1
4 2 295 184 355 219 0
4 3 375 184 435 220 0
5 1 588 180 665 241 1
5 2 276 184 342 222 0
5 3 358 184 426 224 0
6 1 586 180 662 241 1
6 2 253 184 327 225 0
6 3 332 185 411 231 0
7 1 584 181 659 242 1
7 2 226 186 309 231 0
7 3 298 186 393 239 0
8 1 582 181 656 242 1
8 2 194 187 286 237 0
8 3 255 188 370 249 0
9 1 580 181 653 241 1
9 2 151 187 257 242 0
9 3 194 189 339 261 0
10 1 578 180 650 241 1
10 2 96 187 222 249 0
10 3 108 189 299 277 0
11 1 576 180 647 240 1
11 2 25 187 179 259 0
11 3 2 191 238 304 0
12 1 573 179 644 239 1
12 2 2 188 124 272 0
12 3 2 192 146 352 0
13 1 571 178 640 238 1
13 2 2 189 52 289 0
13 3 2 197 2 373 0
14 1 568 178 637 238 1
15 1 566 177 634 237 1
16 1 564 176 631 236 1
17 1 562 175 629 235 1
18 1 561 176 627 235 1
19 1 559 176 625 235 1
20 1 558 177 623 236 1
21 1 559 177 623 236 1
22 1 559 177 622 236 1
23 1 560 177 622 236 1
24 1 561 177 622 236 1
25 1 562 176 623 235 1
26 1 563 175 623 234 1
27 1 564 175 624 233 1
28 1 564 174 625 232 1
29 1 566 173 626 231 1
30 1 567 173 627 231 1
31 1 570 173 629 230 1
32 1 570 174 629 232 1
33 1 571 176 630 233 1
34 1 572 176 630 233 1
35 1 572 176 631 232 1
36 1 574 175 632 232 1
37 1 575 175 633 231 1
38 1 576 174 634 230 1
39 1 577 175 634 231 1
40 1 577 175 635 231 1
41 1 578 175 635 231 1
42 1 578 176 635 231 1
43 1 578 176 635 231 1
44 1 578 176 635 231 1
45 1 578 177 634 231 1
46 1 577 177 633 232 1
47 1 578 178 634 232 1
48 1 577 177 633 231 1
49 1 577 178 632 231 1
50 1 577 178 632 232 1
51 1 577 179 632 232 1
52 1 576 178 630 232 1
53 1 574 178 629 231 1
54 1 573 177 628 230 1
55 1 572 176 627 229 1
56 1 571 175 625 228 1
57 1 569 174 623 227 1
58 1 568 177 622 229 1
59 1 568 180 622 232 1
60 1 568 183 621 235 1
61 1 566 181 620 233 1
62 1 565 173 618 225 1
63 1 564 172 617 224 1
64 1 563 171 616 222 1
65 1 564 175 616 226 1
66 1 564 179 616 230 1
67 1 562 178 615 229 1
68 1 563 176 615 227 1
69 1 564 174 616 225 1
70 1 564 172 616 223 1
70 4 494 178 522 198 0
70 5 547 174 567 190 0
70 27 358 175 379 209 0
71 1 564 173 616 224 1
71 4 488 177 517 198 0
71 5 544 175 566 192 0
71 27 345 174 368 210 0
72 1 564 174 616 224 1
72 4 481 180 512 202 0
72 5 542 175 565 193 0
72 27 330 176 355 213 0
73 1 564 175 616 225 1
73 4 473 181 507 204 0
73 5 539 176 563 195 0
73 27 314 177 341 217 0
74 1 565 174 616 224 1
74 4 464 182 501 207 0
74 5 535 176 562 197 0
74 27 295 179 326 222 0
75 1 565 175 616 225 1
75 4 453 183 494 211 0
75 5 531 177 560 199 0
75 27 273 180 307 226 0
76 1 565 173 617 223 1
76 4 439 183 485 214 0
76 5 526 177 557 201 0
76 27 247 181 285 230 0
77 1 566 173 617 223 1
77 4 422 184 473 218 0
77 5 519 177 553 203 0
77 27 217 182 260 236 0
78 1 566 178 617 228 1
78 4 401 189 460 227 0
78 5 512 182 550 211 0
78 27 180 188 231 247 0
79 1 567 183 618 232 1
79 4 376 195 445 240 0
79 5 504 188 546 220 0
79 27 137 195 196 261 0
80 1 567 182 618 232 1
80 4 344 196 427 247 0
80 5 493 188 541 223 0
80 27 83 197 153 271 0
81 1 568 182 619 231 1
81 4 302 198 403 257 0
81 5 479 187 535 227 0
81 27 14 200 101 283 0
82 1 568 180 619 229 1
82 4 243 199 372 271 0
82 5 462 187 527 233 0
82 27 2 199 35 295 0
83 1 569 179 619 228 1
83 4 155 201 328 292 0
83 5 438 187 516 240 0
83 27 2 197 2 310 0
84 1 569 178 619 226 1
84 4 9 205 264 325 0
84 5 406 186 501 250 0
85 1 569 174 619 223 1
85 4 2 210 161 373 0
85 5 357 186 481 265 0
86 1 569 175 620 224 1
86 4 2 224 2 373 0
86 5 281 189 453 294 0
87 1 570 176 620 225 1
87 5 134 193 408 350 0
88 1 570 177 620 226 1
88 5 2 202 327 373 0
89 1 570 177 620 226 1
89 5 2 216 145 373 0
90 1 570 177 620 225 1
90 23 791 168 825 188 0
90 24 824 163 872 189 0
90 25 869 154 943 193 0
91 1 569 176 620 225 1
91 23 795 167 830 187 0
91 24 829 162 880 189 0
91 25 878 152 956 193 0
92 1 569 175 619 224 1
92 23 799 165 835 186 0
92 24 835 161 887 189 0
92 25 886 150 968 192 0
93 1 569 175 619 223 1
93 23 803 164 840 185 0
93 24 841 160 896 189 0
93 25 895 148 982 192 0
94 1 568 176 619 224 1
94 23 807 164 846 185 0
94 24 848 160 905 190 0
94 25 905 146 997 192 0
95 1 568 177 618 225 1
95 23 812 164 851 186 0
95 24 855 160 915 191 0
95 25 915 144 1013 191 0
96 1 567 176 617 225 1
96 23 816 164 857 187 0
96 24 862 159 925 191 0
96 25 927 141 1031 191 0
97 1 566 176 616 225 1
97 23 822 162 864 186 0
97 24 869 157 936 190 0
97 25 939 138 1050 190 0
98 1 565 176 615 225 1
98 23 827 160 872 184 0
98 24 877 154 947 189 0
98 25 952 135 1071 189 0
99 1 564 174 614 223 1
99 23 832 159 878 184 0
99 24 886 153 960 188 0
99 25 967 131 1095 189 0
100 1 563 175 614 224 1
100 22 817 168 853 185 0
100 23 837 158 885 184 0
100 24 895 151 974 188 0
100 25 984 129 1122 190 0
101 1 563 177 613 227 1
101 22 822 169 860 187 0
101 23 843 159 894 186 0
101 24 906 152 989 190 0
101 25 1002 127 1153 191 0
102 1 562 178 613 227 1
102 22 828 171 867 189 0
102 23 850 161 903 188 0
102 24 918 152 1005 193 0
102 25 1022 125 1188 193 0
103 1 562 177 613 227 1
103 22 834 170 875 189 0
103 23 858 160 914 188 0
103 24 930 151 1024 193 0
103 25 1045 122 1228 195 0
104 1 561 176 613 226 1
104 22 841 169 884 189 0
104 23 867 159 926 188 0
104 24 944 150 1045 194 0
104 25 1071 119 1240 198 0
105 1 561 175 613 225 1
105 22 848 169 893 189 0
105 23 877 158 939 188 0
105 24 958 149 1068 195 0
105 25 1100 116 1240 200 0
106 1 562 175 614 225 1
106 22 856 168 903 190 0
106 23 887 157 952 189 0
106 24 974 147 1093 196 0
106 25 1132 112 1240 204 0
107 1 563 175 615 225 1
107 22 865 168 914 190 0
107 23 897 156 967 189 0
107 24 992 146 1121 197 0
107 25 1169 107 1240 207 0
108 1 564 175 616 225 1
108 22 874 168 926 190 0
108 23 909 155 983 189 0
108 24 1012 144 1153 199 0
108 25 1212 101 1240 212 0
109 1 564 175 617 226 1
109 22 883 167 938 190 0
109 23 921 154 1000 190 0
109 24 1034 142 1188 201 0
110 1 565 175 618 226 1
110 6 511 177 537 199 0
110 22 893 166 951 190 0
110 23 934 153 1019 190 0
110 24 1058 140 1229 203 0
111 1 566 176 618 227 1
111 6 506 178 534 201 0
111 22 904 165 965 191 0
111 23 949 152 1040 191 0
111 24 1086 138 1240 205 0
112 1 566 176 619 227 1
112 6 500 179 530 204 0
112 22 916 166 981 193 0
112 23 964 152 1062 193 0
112 24 1116 136 1240 207 0
113 1 566 177 619 228 1
113 6 493 180 526 207 0
113 22 929 167 998 195 0
113 23 980 152 1086 196 0
113 24 1151 132 1240 210 0
114 1 566 178 619 229 1
114 6 485 180 520 209 0
114 22 942 168 1016 197 0
114 23 998 153 1113 198 0
114 24 1190 127 1240 212 0
115 1 567 175 620 227 1
115 6 476 179 514 210 0
115 22 957 165 1036 195 0
115 23 1018 149 1144 197 0
115 24 1235 120 1240 214 0
116 1 567 172 620 224 1
116 6 465 177 507 211 0
116 22 972 162 1057 193 0
116 23 1040 144 1178 196 0
117 1 567 173 620 224 1
117 6 452 179 499 217 0
117 22 990 159 1081 192 0
117 23 1065 139 1216 194 0
118 1 567 175 621 226 1
118 6 436 182 490 224 0
118 22 1009 160 1108 195 0
118 23 1092 138 1240 196 0
119 1 568 177 622 229 1
119 6 414 186 477 233 0
119 22 1031 166 1139 203 0
119 23 1122 140 1240 203 0
120 1 568 179 622 231 1
120 6 386 187 460 241 0
120 7 514 182 542 203 0
120 22 1052 167 1170 206 0
120 23 1155 142 1240 210 0
121 1 568 178 622 231 1
121 6 349 182 439 244 0
121 7 509 177 539 199 0
121 22 1077 164 1206 205 0
121 23 1192 139 1240 212 0
122 1 568 178 623 231 1
122 6 298 181 412 256 0
122 7 501 175 534 199 0
122 22 1104 160 1240 204 0
122 23 1235 134 1240 215 0
123 1 569 178 623 230 1
123 6 223 184 374 278 0
123 7 493 176 529 201 0
123 22 1135 155 1240 203 0
124 1 569 178 623 230 1
124 6 99 189 318 315 0
124 7 484 177 524 204 0
124 22 1169 150 1240 201 0
125 1 569 177 623 230 1
125 6 2 196 227 373 0
125 7 474 180 518 210 0
125 22 1208 148 1240 204 0
126 1 569 177 624 230 1
126 6 2 210 58 373 0
126 7 462 183 511 216 0
127 1 569 177 624 230 1
127 7 446 185 502 221 0
128 1 569 176 624 230 1
128 7 426 187 490 228 0
129 1 569 176 624 230 1
129 7 402 187 477 233 0
130 1 569 176 624 230 1
130 7 371 188 460 241 0
130 8 638 177 658 193 0
131 1 568 176 624 230 1
131 7 330 188 439 251 0
131 8 639 176 659 194 0
132 1 568 176 624 230 1
132 7 270 192 411 269 0
132 8 640 176 660 194 0
133 1 568 175 624 230 1
133 7 185 197 374 295 0
133 8 640 176 661 194 0
134 1 568 177 624 231 1
134 7 41 205 321 340 0
134 8 641 178 662 196 0
135 1 567 178 624 232 1
135 7 2 213 234 373 0
135 8 641 179 663 199 0
136 1 567 179 623 234 1
136 7 2 228 75 373 0
136 8 642 181 665 201 0
137 1 568 177 624 232 1
137 8 643 179 667 200 0
138 1 568 176 625 231 1
138 8 645 177 669 198 0
139 1 569 174 626 230 1
139 8 647 175 672 197 0
140 1 570 173 627 228 1
140 8 649 175 675 197 1
140 19 836 168 874 187 0
140 20 861 161 903 188 0
140 21 894 150 929 189 0
141 1 570 171 628 227 1
141 8 651 174 678 197 1
141 19 842 167 882 186 0
141 20 869 161 913 188 0
141 21 904 148 940 188 0
142 1 572 173 629 228 1
142 8 653 175 681 199 1
142 19 849 167 891 187 0
142 20 877 160 924 188 0
142 21 914 145 952 186 0
143 1 573 175 631 230 1
143 8 656 175 685 200 1
143 19 857 168 901 188 0
143 20 886 160 935 189 0
143 21 925 146 965 188 0
144 1 575 175 633 231 1
144 8 658 176 688 202 1
144 19 865 168 911 190 0
144 20 896 160 947 191 0
144 21 937 146 978 190 0
145 1 576 175 634 232 1
145 8 660 176 691 203 1
145 19 873 169 921 191 0
145 20 906 160 960 192 0
145 21 949 146 993 192 0
146 1 578 175 636 231 1
146 8 662 177 695 204 1
146 19 881 169 931 192 0
146 20 917 161 974 193 0
146 21 963 146 1008 193 0
147 1 580 175 638 232 1
147 8 664 177 699 206 1
147 19 890 170 943 193 0
147 20 928 161 988 195 0
147 21 977 145 1025 195 0
148 1 581 176 640 232 1
148 8 666 178 703 208 1
148 19 899 171 954 195 0
148 20 940 162 1003 197 0
148 21 992 144 1043 196 0
149 1 583 176 641 233 1
149 8 669 179 707 210 1
149 19 909 171 967 196 0
149 20 952 163 1020 199 0
149 21 1009 147 1063 201 0
150 1 584 176 643 233 1
150 8 671 180 711 212 1
150 17 858 163 883 192 0
150 19 919 176 980 202 0
150 20 965 166 1037 204 0
150 21 1027 149 1085 206 0
151 1 586 177 645 233 1
151 8 673 180 715 215 1
151 17 865 159 890 189 0
151 19 930 172 995 199 0
151 20 979 162 1056 202 0
151 21 1047 144 1108 204 0
152 1 587 176 646 233 1
152 8 676 176 720 211 1
152 17 872 154 898 185 0
152 19 942 168 1010 196 0
152 20 994 158 1076 200 0
152 21 1068 139 1133 201 0
153 1 588 176 648 233 1
153 8 679 175 726 213 1
153 17 879 153 907 185 0
153 19 954 165 1027 194 0
153 20 1010 154 1098 198 0
153 21 1091 132 1162 198 0
154 1 590 175 649 233 1
154 8 682 177 732 217 1
154 17 887 152 916 185 0
154 19 968 165 1045 196 0
154 20 1029 153 1123 199 0
154 21 1117 131 1193 200 0
155 1 591 175 651 232 1
155 8 686 179 740 221 1
155 17 895 152 925 185 0
155 19 981 165 1064 197 0
155 20 1048 152 1151 201 0
155 21 1146 128 1229 202 0
156 1 592 175 652 232 1
156 8 690 179 747 224 1
156 17 904 151 935 186 0
156 19 996 165 1085 198 0
156 20 1070 151 1181 202 0
156 21 1179 126 1240 205 0
157 1 594 174 654 232 1
157 8 694 179 756 227 1
157 17 913 150 946 186 0
157 19 1012 164 1107 199 0
157 20 1093 150 1215 204 0
157 21 1215 123 1240 207 0
158 1 595 174 655 232 1
158 8 699 179 766 230 1
158 17 923 149 957 186 0
158 19 1029 164 1132 201 0
158 20 1120 149 1240 206 0
159 1 597 174 657 232 1
159 8 705 180 778 234 1
159 17 934 147 969 186 0
159 19 1049 163 1160 202 0
159 20 1149 147 1240 208 0
160 1 598 174 658 233 1
160 8 711 180 791 239 1
160 17 945 146 982 186 0
160 18 730 172 748 240 1
160 19 1070 163 1191 203 0
160 20 1181 145 1240 210 0
161 1 599 175 660 233 1
161 8 718 180 807 245 1
161 17 956 145 995 187 0
161 18 740 172 760 247 1
161 19 1093 162 1225 205 0
161 20 1218 142 1240 213 0
162 1 601 175 661 234 1
162 8 726 181 825 252 1
162 17 967 145 1009 187 0
162 18 751 173 774 255 1
162 19 1119 161 1240 207 0
163 1 601 176 662 234 1
163 8 736 182 848 260 1
163 17 980 144 1023 188 0
163 18 766 173 791 264 1
163 19 1146 159 1240 207 0
164 1 602 177 662 235 1
164 8 747 182 875 271 1
164 17 993 143 1039 190 0
164 18 783 173 813 275 1
164 19 1177 156 1240 208 0
165 1 602 178 663 236 1
165 8 760 183 910 284 1
165 17 1007 143 1056 191 0
165 18 805 173 840 289 1
165 19 1211 152 1240 209 0
166 1 603 178 664 237 1
166 8 776 185 955 301 1
166 17 1023 143 1075 193 0
166 18 835 173 876 308 1
166 19 1240 148 1240 209 0
167 1 602 178 663 238 1
167 8 797 186 1018 325 1
167 17 1039 140 1095 193 0
167 18 875 173 926 335 1
168 1 602 178 663 238 1
168 8 823 188 1108 359 1
168 17 1057 137 1117 193 0
168 18 933 173 1001 373 1
169 1 601 178 663 238 1
169 8 855 189 1240 373 1
169 17 1077 134 1141 193 0
169 18 1027 173 1126 373 1
170 1 601 178 663 238 0
170 8 900 192 1240 373 1
170 17 1100 132 1169 193 0
170 18 1201 173 1240 373 0
171 1 602 179 664 239 0
171 8 968 195 1240 373 1
171 17 1125 129 1201 194 0
172 1 602 179 664 239 0
172 8 1106 206 1240 373 1
172 17 1151 126 1233 195 0
173 1 602 179 665 240 0
173 8 1240 231 1240 373 1
173 17 1184 124 1240 198 0
174 1 603 180 666 240 0
174 17 1221 122 1240 201 0
175 1 602 179 666 240 0
176 1 602 178 666 239 0
177 1 602 177 666 239 0
178 1 601 176 666 238 0
179 1 601 176 665 238 0
180 1 600 176 665 238 1
181 1 599 176 664 239 1
182 1 599 174 665 237 1
183 1 599 172 665 236 1
184 1 599 171 665 234 1
185 1 598 170 664 235 1
186 1 597 170 664 235 1
187 1 597 171 664 235 1
188 1 597 171 664 236 1
189 1 597 172 664 236 1
190 1 596 172 664 237 1
191 1 596 172 664 237 1
192 1 596 173 664 238 1
193 1 597 173 664 238 1
194 1 596 174 664 239 1
195 1 596 174 664 239 1
196 1 596 174 663 240 1
197 1 596 175 663 240 1
198 1 596 175 664 240 1
199 1 596 175 664 240 1
200 1 597 174 664 239 1
200 9 706 142 741 187 0
201 1 597 174 665 239 1
201 9 707 140 744 188 0
202 1 597 174 664 239 1
202 9 708 139 749 190 0
203 1 597 174 664 239 1
203 9 710 138 754 192 0
204 1 597 174 664 239 1
204 9 711 137 760 194 0
205 1 597 175 664 239 1
205 9 713 135 766 197 0
206 1 597 175 663 239 1
206 9 716 132 775 198 0
207 1 596 175 663 239 1
207 9 718 129 784 200 0
208 1 596 175 663 239 1
208 9 722 125 796 202 0
209 1 595 175 661 239 1
209 9 725 120 810 205 0
210 1 594 175 660 239 1
210 9 729 114 828 208 0
210 12 716 137 769 198 0
210 28 310 179 334 224 0
211 1 592 175 658 239 1
211 9 734 107 851 212 0
211 12 717 134 777 200 0
211 28 289 180 316 227 0
212 1 591 175 657 239 1
212 9 739 98 880 218 0
212 12 720 130 786 202 0
212 28 265 180 295 230 0
213 1 590 175 655 238 1
213 9 747 85 922 224 0
213 12 722 126 796 205 0
213 28 238 181 271 235 0
214 1 588 175 654 238 1
214 9 757 67 981 234 0
214 12 727 122 811 208 0
214 28 207 181 243 239 0
215 1 587 175 652 238 1
215 9 769 41 1068 247 0
215 12 732 116 829 212 0
215 28 172 182 212 245 0
216 1 586 175 651 238 1
216 9 784 2 1209 269 0
216 12 739 108 851 216 0
216 28 130 182 176 251 0
217 1 585 175 649 237 1
217 9 806 2 1240 316 0
217 12 749 99 885 222 0
217 28 81 182 133 258 0
218 1 584 175 648 237 1
218 9 837 2 1240 373 0
218 12 761 85 930 231 0
218 28 20 183 81 266 0
219 1 583 175 647 237 1
219 9 880 2 1240 373 0
219 12 776 67 994 243 0
219 28 2 183 18 277 0
220 1 582 175 646 236 1
220 9 950 2 1240 373 0
220 12 797 38 1095 260 0
220 13 735 101 874 221 0
220 14 710 130 779 203 0
220 15 707 144 745 195 0
221 1 581 175 645 236 1
221 9 1072 2 1240 373 0
221 12 826 2 1240 291 0
221 13 744 89 915 230 0
221 14 712 126 791 206 0
221 15 708 141 750 196 0
222 1 581 175 644 236 1
222 9 1240 2 1240 373 0
222 12 866 2 1240 357 0
222 13 756 72 974 241 0
222 14 715 121 806 209 0
222 15 709 139 756 198 0
223 1 582 176 644 236 1
223 12 929 2 1240 373 0
223 13 771 47 1065 258 0
223 14 720 115 825 213 0
223 15 711 136 763 199 0
224 1 582 176 644 236 1
224 12 1037 2 1240 373 0
224 13 790 5 1215 287 0
224 14 725 108 850 218 0
224 15 713 133 771 201 0
225 1 582 176 644 236 1
225 12 1240 2 1240 373 0
225 13 816 2 1240 341 0
225 14 732 99 883 225 0
225 15 715 130 781 203 0
226 1 581 177 643 236 1
226 13 851 2 1240 373 0
226 14 739 86 926 234 0
226 15 717 126 792 206 0
227 1 581 177 642 236 1
227 13 902 2 1240 373 0
227 14 749 68 988 246 0
227 15 722 121 808 210 0
228 1 580 178 641 236 1
228 13 987 2 1240 373 0
228 14 761 41 1082 266 0
228 15 727 115 827 215 0
229 1 580 178 640 237 1
229 13 1132 2 1240 373 0
229 14 777 2 1240 300 0
229 15 733 108 851 221 0
230 1 579 178 640 237 1
230 13 1240 2 1240 373 0
230 14 799 2 1240 372 0
230 15 743 98 885 228 0
230 16 712 123 800 210 0
231 1 579 179 639 237 1
231 14 830 2 1240 373 0
231 15 754 83 933 238 0
231 16 715 117 817 215 0
232 1 578 179 638 236 1
232 14 877 2 1240 373 0
232 15 768 62 1003 252 0
232 16 720 110 842 220 0
233 1 578 178 638 236 1
233 14 955 2 1240 373 0
233 15 790 28 1118 275 0
233 16 726 100 873 227 0
234 1 578 178 637 235 1
234 14 1101 2 1240 373 0
234 15 820 2 1240 316 0
234 16 735 86 918 236 0
235 1 577 178 636 235 1
235 14 1240 2 1240 373 0
235 15 862 2 1240 373 0
235 16 746 67 983 249 0
236 1 577 178 636 234 1
236 15 932 2 1240 373 0
236 16 760 37 1083 270 0
237 1 577 178 636 234 1
237 15 1056 2 1240 373 0
237 16 779 2 1240 304 0
238 1 577 177 635 233 1
238 15 1240 2 1240 373 0
238 16 804 2 1240 373 0
239 1 577 177 635 233 1
239 16 840 2 1240 373 0
240 1 577 177 635 232 1
240 16 892 2 1240 373 0
241 1 577 176 635 232 1
241 16 978 2 1240 373 0
242 1 577 176 635 231 1
242 16 1147 2 1240 373 0
243 1 578 175 636 230 1
244 1 578 175 637 230 1
245 1 578 174 637 229 1
246 1 579 174 638 229 1
247 1 580 174 639 229 1
248 1 580 174 640 229 1
249 1 581 175 641 228 1
250 1 582 175 642 228 1
251 1 582 175 643 228 1
252 1 584 175 644 228 1
253 1 585 175 645 229 1
254 1 587 176 646 229 1
255 1 588 176 648 229 1
256 1 590 177 649 230 1
257 1 591 176 650 229 1
258 1 592 176 651 229 1
259 1 593 176 652 229 1
260 1 594 176 653 229 1
261 1 596 176 654 228 1
262 1 597 175 655 228 1
263 1 598 176 655 228 1
264 1 599 176 656 229 1
265 1 600 177 657 229 1
266 1 601 177 658 229 1
267 1 601 177 659 229 1
268 1 602 176 659 229 1
269 1 603 176 660 229 1
270 1 604 176 661 229 1
270 10 584 177 613 196 0
270 11 556 179 583 196 0
271 1 605 176 662 229 1
271 10 577 177 608 197 0
271 11 548 179 577 197 0
272 1 605 176 662 229 1
272 10 571 177 603 199 0
272 11 540 179 571 199 0
273 1 606 176 662 228 1
273 10 564 177 598 200 0
273 11 531 179 565 200 0
274 1 606 176 662 228 1
274 10 556 177 593 202 0
274 11 521 179 557 201 0
275 1 607 175 663 227 1
275 10 546 177 586 204 0
275 11 510 179 549 203 0
276 1 609 174 664 226 1
276 10 535 177 578 206 0
276 11 497 179 539 205 0
277 1 610 173 664 225 1
277 10 525 178 572 210 0
277 11 483 180 529 207 0
278 1 610 174 664 226 1
278 10 512 179 563 214 0
278 11 467 180 518 211 0
279 1 611 174 665 226 1
279 10 496 179 553 219 0
279 11 448 181 504 214 0
280 1 612 174 666 226 1
280 10 476 180 542 225 0
280 11 426 182 489 219 0
281 1 613 174 667 226 1
281 10 450 182 527 234 0
281 11 398 183 472 225 0
282 1 614 174 668 226 1
282 10 417 183 511 245 0
282 11 362 184 449 233 0
283 1 615 174 668 226 1
283 10 368 184 488 261 0
283 11 314 186 421 244 0
284 1 615 174 669 226 1
284 10 291 186 456 286 0
284 11 250 188 385 257 0
285 1 616 174 670 226 1
285 10 157 190 409 331 0
285 11 153 190 335 278 0
286 1 617 174 671 226 1
286 10 2 195 326 373 0
286 11 7 193 266 311 0
287 1 618 174 671 225 1
287 10 2 206 168 373 0
287 11 2 199 177 363 0
288 1 619 174 672 225 1
288 11 2 208 2 373 0
289 1 619 174 672 225 1
290 1 619 174 672 225 1
291 1 619 174 671 225 1
292 1 619 174 671 225 1
293 1 618 174 671 225 1
