0 1 518 165 740 373 1
0 2 458 178 569 213 0
0 3 376 185 417 205 0
0 4 274 188 359 221 0
0 8 334 187 374 208 0
0 9 425 181 464 201 0
1 1 518 165 740 373 1
1 2 435 179 546 214 0
1 3 376 185 417 205 0
1 4 254 189 339 223 0
1 8 334 187 374 208 0
1 9 425 181 464 201 0
2 1 518 165 740 373 1
2 2 412 180 523 215 0
2 3 376 185 417 205 0
2 4 234 190 319 224 0
2 8 334 187 374 208 0
2 9 425 181 464 201 0
3 1 518 165 740 373 1
3 2 389 181 501 216 0
3 3 376 185 417 205 0
3 4 215 191 299 225 0
3 8 334 187 374 208 0
3 9 425 181 464 201 0
4 1 518 165 740 373 1
4 2 367 183 479 217 0
4 3 376 185 417 205 0
4 4 195 193 280 226 0
4 8 334 187 374 208 0
4 9 425 181 464 201 0
5 1 518 165 740 373 1
5 2 344 184 457 218 0
5 3 376 185 418 205 0
5 4 175 194 259 227 0
5 8 334 187 374 208 0
5 9 425 181 464 201 0
6 1 518 165 740 373 1
6 2 321 185 433 219 0
6 3 376 185 418 205 0
6 4 156 195 240 228 0
6 8 334 187 374 208 0
6 9 425 181 464 201 0
7 1 518 165 740 373 1
7 2 297 186 409 219 0
7 3 376 185 418 205 0
7 4 137 196 220 229 0
7 8 334 187 374 208 0
7 9 425 181 464 201 0
8 1 518 165 740 373 1
8 2 274 187 385 220 0
8 3 376 185 418 205 0
8 4 118 197 201 230 0
8 8 334 187 374 208 0
8 9 425 181 464 201 0
9 1 518 165 740 373 1
9 2 252 188 362 221 0
9 3 376 185 418 205 0
9 4 99 199 182 230 0
9 8 335 187 374 208 0
9 9 425 181 464 201 0
10 1 518 165 740 373 1
10 2 229 190 337 223 0
10 3 376 185 418 205 0
10 4 81 200 163 231 0
10 5 344 182 417 213 0
10 8 335 187 374 208 0
10 9 425 181 464 201 0
11 1 518 165 740 373 1
11 2 207 191 314 224 0
11 3 376 185 418 205 0
11 4 62 201 144 232 0
11 5 327 183 399 214 0
11 8 335 187 374 208 0
11 9 425 181 464 201 0
12 1 518 165 740 373 1
12 2 186 193 290 226 0
12 3 376 185 418 205 0
12 4 43 202 125 233 0
12 5 310 184 383 215 0
12 8 335 187 374 208 0
12 9 425 181 464 201 0
13 1 518 165 740 373 1
13 2 165 195 267 227 0
13 3 376 185 418 205 0
13 4 25 203 106 234 0
13 5 294 186 366 216 0
13 8 335 187 374 208 0
13 9 425 181 464 201 0
14 1 518 165 740 373 1
14 2 143 196 245 228 0
14 3 376 185 418 205 0
14 4 7 204 87 235 0
14 5 276 187 348 217 0
14 8 335 187 374 208 0
14 9 425 181 464 201 0
15 1 518 165 740 373 1
15 2 120 197 222 228 0
15 3 377 185 418 205 0
15 4 2 205 69 235 0
15 5 259 188 331 218 0
15 8 335 187 374 208 0
15 9 425 181 464 201 0
16 1 518 165 740 373 1
16 2 98 198 200 229 0
16 3 377 185 418 205 0
16 4 2 206 52 236 0
16 5 242 189 313 219 0
16 8 335 187 374 208 0
16 9 425 181 464 201 0
17 1 518 165 740 373 1
17 2 77 199 178 230 0
17 3 377 185 418 205 0
17 4 2 207 35 237 0
17 5 225 190 296 220 0
17 8 335 187 374 208 0
17 9 425 181 464 201 0
18 1 518 165 740 373 1
18 2 56 200 157 230 0
18 3 377 185 418 205 0
18 4 2 208 19 237 0
18 5 207 191 278 221 0
18 8 335 187 374 208 0
18 9 425 181 464 201 0
19 1 518 165 740 373 1
19 2 35 201 137 232 0
19 3 377 185 418 205 0
19 5 189 192 261 222 0
19 8 335 187 374 208 0
19 9 425 181 464 201 0
20 1 518 165 740 373 1
20 2 15 203 117 234 0
20 3 377 185 418 205 0
20 5 172 193 243 223 0
20 8 335 187 374 208 0
20 9 425 181 464 201 0
21 1 518 165 740 373 1
21 2 2 205 97 235 0
21 3 377 185 418 205 0
21 5 155 195 226 224 0
21 8 335 187 374 208 0
21 9 425 181 464 201 0
22 1 518 165 740 373 1
22 2 2 206 77 237 0
22 3 377 185 418 205 0
22 5 138 196 209 225 0
22 8 335 187 374 208 0
22 9 425 181 464 201 0
23 1 518 165 740 373 1
23 2 2 208 58 238 0
23 3 377 185 418 205 0
23 5 122 197 192 226 0
23 8 335 187 374 208 0
23 9 425 181 463 201 0
24 1 518 165 740 373 1
24 3 377 185 418 205 0
24 5 105 198 176 227 0
24 8 335 187 374 208 0
24 9 425 180 463 200 0
25 1 518 165 740 373 1
25 3 377 185 418 205 0
25 5 89 199 159 228 0
25 8 335 187 374 208 0
25 9 425 180 463 200 0
26 1 518 165 740 373 1
26 3 377 185 417 205 0
26 5 73 200 143 229 0
26 8 335 187 374 208 0
26 9 425 180 463 200 0
27 1 518 165 740 373 1
27 3 377 185 417 205 0
27 5 57 201 127 230 0
27 8 335 187 374 208 0
27 9 425 180 463 200 0
28 1 518 165 740 373 1
28 3 377 185 417 205 0
28 5 42 203 111 231 0
28 8 335 187 374 208 0
28 9 425 180 463 200 0
29 1 518 165 740 373 1
29 3 377 185 417 204 0
29 5 26 204 95 232 0
29 8 335 187 374 208 0
29 9 425 180 463 200 0
30 1 518 165 740 373 1
30 3 377 185 417 204 0
30 5 11 205 80 233 0
30 6 312 180 370 208 0
30 8 335 187 374 208 0
30 9 425 180 463 200 0
31 1 518 165 740 373 1
31 3 377 185 417 204 0
31 5 2 205 65 233 0
31 6 308 180 367 208 0
31 8 335 187 374 208 0
31 9 425 180 463 200 0
32 1 518 165 740 373 1
32 3 377 185 417 204 0
32 5 2 206 50 234 0
32 6 304 180 363 209 0
32 8 335 187 374 208 0
32 9 425 180 463 200 0
33 1 518 165 740 373 1
33 3 377 185 417 204 0
33 5 2 207 35 234 0
33 6 300 180 360 209 0
33 8 335 187 374 208 0
33 9 425 180 463 200 0
34 1 518 165 740 373 1
34 3 377 185 417 204 0
34 6 295 180 356 210 0
34 8 335 187 374 208 0
34 9 425 180 463 200 0
35 1 518 165 740 373 1
35 3 377 185 417 204 0
35 6 291 181 352 210 0
35 8 335 187 374 208 0
35 9 425 180 463 200 0
36 1 518 165 740 373 1
36 3 377 185 417 204 0
36 6 286 181 349 211 0
36 8 335 187 374 208 0
36 9 425 180 463 200 0
37 1 518 165 740 373 1
37 3 377 185 417 204 0
37 6 281 181 345 211 0
37 8 335 187 374 208 0
37 9 425 180 463 200 0
38 1 518 165 740 373 1
38 3 377 185 417 204 0
38 6 276 181 341 212 0
38 8 335 187 374 208 0
38 9 425 180 463 200 0
39 1 518 165 740 373 1
39 3 377 185 417 204 0
39 6 270 182 336 212 0
39 8 335 187 374 208 0
39 9 425 180 463 200 0
40 1 518 165 740 373 1
40 3 377 185 417 205 0
40 6 265 182 332 213 0
40 7 1004 124 1240 217 0
40 8 335 187 374 208 0
40 9 425 180 463 200 0
41 1 518 165 740 373 1
41 3 377 185 417 205 0
41 6 259 182 328 213 0
41 7 975 125 1219 217 0
41 8 335 187 374 208 0
41 9 425 180 463 200 0
42 1 518 165 740 373 1
42 3 377 185 417 205 0
42 6 253 183 323 214 0
42 7 947 125 1186 217 0
42 8 335 187 374 208 0
42 9 425 180 463 200 0
43 1 518 165 740 373 1
43 3 377 185 417 205 0
43 6 248 183 319 214 0
43 7 919 126 1154 217 0
43 8 335 187 374 208 0
43 9 425 180 463 200 0
44 1 518 165 740 373 1
44 3 377 185 417 205 0
44 6 242 183 314 215 0
44 7 897 126 1128 217 0
44 8 335 187 374 208 0
44 9 425 180 463 200 0
45 1 518 164 740 373 1
45 3 377 185 417 205 0
45 6 236 184 310 216 0
45 7 874 126 1102 217 0
45 8 335 187 374 208 0
45 9 425 180 463 200 0
46 1 518 164 740 373 1
46 3 377 185 417 205 0
46 6 230 184 305 216 0
46 7 851 126 1076 216 0
46 8 335 187 374 208 0
46 9 425 180 463 200 0
47 1 518 164 740 373 1
47 3 377 185 417 205 0
47 6 224 184 300 216 0
47 7 828 126 1050 216 0
47 8 335 187 374 208 0
47 9 425 180 463 200 0
48 1 518 164 740 373 1
48 3 377 185 417 205 0
48 6 218 184 295 217 0
48 7 805 126 1024 216 0
48 8 334 187 374 208 0
48 9 425 180 463 200 0
49 1 518 164 740 373 1
49 3 377 185 417 205 0
49 6 212 184 289 217 0
49 7 783 126 999 216 0
49 8 334 187 374 208 0
49 9 425 180 463 200 0
50 1 518 164 740 373 1
50 3 377 185 417 205 0
50 6 206 184 284 217 0
50 7 760 126 973 216 0
50 8 334 187 374 208 0
50 9 425 180 463 200 0
51 1 518 164 740 373 1
51 3 377 185 417 205 0
51 6 200 184 278 217 0
51 7 737 126 948 216 0
51 8 334 187 374 208 0
51 9 425 180 463 200 0
52 1 518 164 740 373 1
52 3 377 185 417 205 0
52 6 193 184 273 218 0
52 7 714 126 923 216 0
52 8 334 187 374 208 0
52 9 425 180 463 200 0
53 1 518 164 740 373 1
53 3 377 185 417 205 0
53 6 187 184 267 218 0
53 7 695 126 903 216 0
53 8 334 187 374 208 0
53 9 425 180 463 200 0
54 1 518 164 740 373 1
54 3 377 185 417 205 0
54 6 181 184 261 218 0
54 7 675 126 883 216 0
54 8 334 187 374 208 0
54 9 425 180 463 200 0
55 1 518 164 740 373 1
55 3 377 185 417 205 0
55 6 173 185 254 219 0
55 7 655 126 862 217 0
55 8 334 187 374 208 0
55 9 425 180 463 200 0
56 1 518 164 740 373 1
56 3 377 185 417 205 0
56 6 165 186 247 220 0
56 7 635 126 842 217 0
56 8 334 187 374 208 0
56 9 425 180 463 200 0
57 1 518 164 740 373 1
57 3 377 185 417 205 0
57 6 157 187 239 221 0
57 7 614 125 822 217 0
57 8 334 187 374 208 0
57 9 424 180 463 200 0
58 1 518 164 740 373 1
58 3 377 185 417 205 0
58 6 149 187 231 222 0
58 7 593 125 801 218 0
58 8 334 187 374 208 0
58 9 424 180 463 200 0
59 1 518 164 740 373 1
59 3 377 185 417 205 0
59 6 140 188 224 223 0
59 7 572 124 780 218 0
59 8 334 187 374 208 0
59 9 424 180 463 200 0
60 1 518 164 740 373 1
60 3 377 185 417 205 0
60 6 132 189 216 224 0
60 7 556 124 766 219 0
60 8 334 187 374 208 0
60 9 424 180 463 200 0
60 10 1185 170 1240 215 0
61 1 518 164 740 373 1
61 3 377 185 417 205 0
61 6 121 190 206 225 0
61 7 537 124 748 220 0
61 8 334 188 374 208 0
61 9 424 180 463 200 0
61 10 1168 170 1240 215 0
62 1 518 164 740 373 1
62 3 377 185 417 205 0
62 6 111 190 196 226 0
62 7 518 124 731 222 0
62 8 334 188 374 208 0
62 9 424 180 463 200 0
62 10 1150 171 1240 216 0
63 1 518 164 740 373 1
63 3 377 185 417 205 0
63 6 101 191 186 227 0
63 7 499 124 713 223 0
63 8 334 188 374 208 0
63 9 424 180 463 200 0
63 10 1132 172 1240 217 0
64 1 518 164 740 373 1
64 3 377 185 417 205 0
64 6 91 191 177 227 0
64 7 479 124 695 224 0
64 8 334 188 374 208 0
64 9 424 180 463 200 0
64 10 1115 173 1240 217 0
65 1 518 164 740 373 1
65 3 377 185 417 205 0
65 6 80 192 168 228 0
65 7 458 123 678 225 0
65 8 334 188 374 208 0
65 9 424 180 463 200 0
65 10 1097 173 1240 218 0
66 1 518 164 740 373 1
66 3 377 185 417 205 0
66 6 69 193 159 229 0
66 7 437 122 660 226 0
66 8 334 188 374 208 0
66 9 424 180 463 200 0
66 10 1080 174 1229 218 0
67 1 518 164 740 373 1
67 3 377 185 417 205 0
67 6 58 193 150 230 0
67 7 415 121 642 228 0
67 8 334 188 374 208 0
67 9 424 180 463 200 0
67 10 1067 174 1215 218 0
68 1 518 164 740 373 1
68 3 377 185 417 205 0
68 6 45 194 138 231 0
68 7 392 121 623 229 0
68 8 334 188 374 208 0
68 9 424 180 463 200 0
68 10 1054 174 1201 218 0
69 1 518 164 740 373 1
69 3 377 185 417 205 0
69 6 32 195 127 232 0
69 7 369 120 604 230 0
69 8 334 188 374 208 0
69 9 424 180 463 200 0
69 10 1041 174 1187 219 0
70 1 518 164 740 373 1
70 3 377 185 417 205 0
70 6 20 196 115 233 0
70 7 344 119 585 233 0
70 8 334 188 374 208 0
70 9 424 180 463 200 0
70 10 1029 175 1173 219 0
71 1 518 164 740 373 1
71 3 377 185 417 205 0
71 6 8 197 104 234 0
71 7 319 119 566 235 0
71 8 334 188 374 208 0
71 9 424 180 463 200 0
71 10 1019 175 1163 219 0
72 1 518 164 740 373 1
72 3 377 185 417 205 0
72 6 2 197 93 233 0
72 7 293 118 546 238 0
72 8 334 188 374 208 0
72 9 424 180 463 200 0
72 10 1009 175 1153 219 0
73 1 518 164 740 373 1
73 3 377 185 417 205 0
73 6 2 197 81 233 0
73 7 265 117 526 240 0
73 8 334 188 374 208 0
73 9 424 180 463 200 0
73 10 1000 175 1142 219 0
74 1 518 164 740 373 1
74 3 377 185 417 205 0
74 6 2 197 69 233 0
74 7 236 117 504 243 0
74 8 334 188 374 208 0
74 9 424 180 463 200 0
74 10 995 175 1137 219 0
75 1 518 164 740 373 1
75 3 377 185 417 205 0
75 6 2 197 57 233 0
75 7 205 116 482 246 0
75 8 334 188 374 208 0
75 9 424 180 463 200 0
75 10 989 175 1131 219 0
76 1 518 164 740 373 1
76 3 377 185 417 205 0
76 6 2 197 45 233 0
76 7 173 114 461 249 0
76 8 334 188 374 208 0
76 9 424 180 463 200 0
76 10 984 175 1125 219 0
77 1 518 164 740 373 1
77 3 377 185 417 205 0
77 6 2 197 33 233 0
77 7 137 112 440 253 0
77 8 334 188 374 208 0
77 9 424 180 463 200 0
77 10 979 175 1120 219 0
78 1 518 164 740 373 1
78 3 377 185 417 205 0
78 7 100 110 417 257 0
78 8 334 188 374 208 0
78 9 424 180 463 200 0
78 10 974 175 1114 219 0
79 1 518 164 740 373 1
79 3 377 185 417 205 0
79 7 58 108 392 261 0
79 8 334 188 374 208 0
79 9 424 180 463 200 0
79 10 968 176 1108 220 0
80 1 518 164 740 373 1
80 3 377 185 417 205 0
80 7 14 105 367 265 0
80 8 334 188 374 208 0
80 9 424 180 463 200 0
80 10 966 175 1106 219 0
81 1 518 164 740 373 1
81 3 377 185 417 205 0
81 7 2 103 341 272 0
81 8 334 188 374 208 0
81 9 424 180 463 200 0
81 10 964 175 1104 219 0
82 1 518 164 740 373 1
82 3 377 185 417 205 0
82 7 2 101 313 279 0
82 8 334 188 374 208 0
82 9 424 180 463 200 0
82 10 962 175 1102 219 0
83 1 518 164 740 373 1
83 3 377 185 417 205 0
83 7 2 99 284 287 0
83 8 334 188 374 208 0
83 9 424 180 463 200 0
83 10 960 175 1100 219 0
84 1 518 164 740 373 1
84 3 377 185 417 205 0
84 7 2 96 252 296 0
84 8 334 188 374 208 0
84 9 424 180 463 200 0
84 10 959 175 1097 219 0
85 1 518 164 740 373 1
85 3 377 185 417 205 0
85 7 2 91 220 305 0
85 8 334 188 374 208 0
85 9 424 180 463 200 0
85 10 957 175 1095 219 0
86 1 518 164 740 373 1
86 3 377 185 417 205 0
86 7 2 85 186 315 0
86 8 334 188 374 208 0
86 9 424 180 463 200 0
86 10 955 175 1093 219 0
87 1 518 164 740 373 1
87 3 377 185 417 205 0
87 7 2 78 148 327 0
87 8 334 188 374 208 0
87 9 424 180 463 200 0
87 10 953 174 1091 218 0
88 1 518 164 740 373 1
88 3 377 185 417 205 0
88 7 2 70 107 340 0
88 8 334 188 374 208 0
88 9 424 180 463 200 0
88 10 951 174 1089 218 0
89 1 518 164 740 373 1
89 3 377 185 417 205 0
89 7 2 60 62 357 0
89 8 334 188 374 208 0
89 9 424 180 463 200 0
89 10 949 174 1086 218 0
90 1 518 164 740 373 1
90 3 377 185 417 205 0
90 8 334 188 374 208 0
90 9 424 180 463 200 0
90 10 947 174 1084 218 0
90 13 2 194 97 247 0
91 1 518 164 740 373 1
91 3 377 185 417 205 0
91 8 334 188 374 208 0
91 9 424 180 463 200 0
91 10 947 174 1084 218 0
91 13 2 193 117 247 0
92 1 518 164 740 373 1
92 3 377 185 417 205 0
92 8 334 187 374 208 0
92 9 424 180 463 200 0
92 10 947 174 1084 218 0
92 13 2 193 138 247 0
93 1 518 164 740 373 1
93 3 377 185 417 205 0
93 8 334 187 374 208 0
93 9 424 180 463 200 0
93 10 947 174 1084 218 0
93 13 2 192 159 247 0
94 1 518 163 740 373 1
94 3 377 185 417 205 0
94 8 334 187 374 208 0
94 9 424 180 463 200 0
94 10 947 174 1084 218 0
94 13 19 192 180 247 0
95 1 518 163 740 373 1
95 3 377 185 417 205 0
95 8 334 187 374 208 0
95 9 424 180 463 200 0
95 10 947 174 1084 218 0
95 13 42 191 203 246 0
96 1 518 163 740 373 1
96 3 377 185 417 205 0
96 8 334 187 374 208 0
96 9 424 180 463 201 0
96 10 947 174 1084 218 0
96 13 65 190 226 245 0
97 1 518 163 740 373 1
97 3 377 185 417 205 0
97 8 334 187 374 208 0
97 9 424 180 463 201 0
97 10 947 174 1084 218 0
97 13 88 188 249 244 0
98 1 518 163 740 373 1
98 3 377 185 417 205 0
98 8 334 187 374 208 0
98 9 424 180 463 201 0
98 10 947 174 1084 218 0
98 13 112 187 273 243 0
99 1 518 163 740 373 1
99 3 377 185 417 205 0
99 8 334 187 374 208 0
99 9 424 180 463 201 0
99 10 947 174 1084 218 0
99 13 136 186 297 241 0
100 1 518 163 740 373 1
100 3 377 185 417 205 0
100 8 334 187 374 208 0
100 9 424 180 463 201 0
100 10 947 174 1084 218 0
100 13 164 184 324 240 0
100 14 927 152 1066 207 0
101 1 518 163 740 373 1
101 3 377 185 417 205 0
101 8 334 187 374 208 0
101 9 424 180 463 201 0
101 10 947 174 1084 218 0
101 13 192 183 352 239 0
101 14 891 152 1026 207 0
102 1 518 163 740 373 1
102 3 377 185 417 205 0
102 8 334 187 374 208 0
102 9 424 181 463 201 0
102 10 947 174 1084 218 0
102 13 221 181 380 238 0
102 14 855 152 987 207 0
103 1 518 163 740 373 1
103 3 377 185 417 205 0
103 8 334 187 374 208 0
103 9 424 181 463 201 0
103 10 947 174 1084 218 0
103 13 250 180 408 236 0
103 14 820 152 949 207 0
104 1 518 163 740 373 1
104 3 377 185 417 205 0
104 8 334 187 374 208 0
104 9 424 181 463 201 0
104 10 947 174 1084 218 0
104 13 279 178 436 235 0
104 14 784 152 910 207 0
105 1 518 163 740 373 1
105 3 377 185 417 205 0
105 8 334 187 374 208 0
105 9 424 181 463 201 0
105 10 947 174 1084 218 0
105 13 311 176 468 233 0
105 14 750 152 873 206 0
106 1 518 163 740 373 1
106 3 377 185 417 205 0
106 8 334 187 374 208 0
106 9 424 181 463 201 0
106 10 947 174 1085 218 0
106 13 344 174 500 231 0
106 14 716 152 837 206 0
107 1 518 163 740 373 1
107 3 377 185 417 205 0
107 8 334 187 374 208 0
107 9 424 181 463 201 0
107 10 947 174 1085 218 0
107 13 377 172 532 230 0
107 14 682 152 801 206 0
108 1 518 163 740 373 1
108 3 377 185 417 205 0
108 8 334 187 374 208 0
108 9 424 181 463 201 0
108 10 947 174 1085 218 0
108 13 413 171 568 229 0
108 14 651 152 767 206 0
109 1 518 163 739 373 1
109 3 377 185 417 205 0
109 8 334 187 374 208 0
109 9 424 181 463 201 0
109 10 947 174 1085 218 0
109 13 450 170 603 229 0
109 14 618 153 731 206 0
110 1 518 163 739 373 1
110 3 377 185 417 205 0
110 8 334 187 374 208 0
110 9 424 181 463 201 0
110 10 947 174 1085 218 0
110 13 487 169 641 229 0
110 14 585 154 697 206 0
110 15 2 195 178 253 0
111 1 518 163 739 373 1
111 3 377 185 417 205 0
111 8 334 187 374 208 0
111 9 424 181 463 201 0
111 10 947 174 1085 218 0
111 13 524 169 679 228 0
111 14 552 154 665 207 0
111 15 23 194 199 252 0
112 1 518 163 739 373 1
112 3 377 185 417 205 0
112 8 334 187 374 208 0
112 9 424 181 463 201 0
112 10 947 174 1085 218 0
112 13 566 168 722 228 0
112 14 520 155 632 207 0
112 15 44 193 221 251 0
113 1 518 163 739 373 1
113 3 377 185 417 205 0
113 8 334 187 374 208 0
113 9 424 181 463 201 0
113 10 947 174 1085 218 0
113 13 609 167 765 227 0
113 14 488 156 601 207 0
113 15 67 192 244 250 0
114 1 518 163 739 373 1
114 3 377 185 417 205 0
114 8 334 187 374 208 0
114 9 424 181 463 201 0
114 10 947 174 1085 218 0
114 13 652 166 808 227 0
114 14 457 157 569 208 0
114 15 91 191 268 250 0
115 1 518 163 739 373 1
115 3 377 185 417 205 0
115 8 334 187 374 208 0
115 9 424 181 463 201 0
115 10 947 174 1085 218 0
115 13 697 165 854 227 0
115 14 426 157 538 208 0
115 15 114 190 292 249 0
116 1 518 163 739 373 1
116 3 377 185 417 205 0
116 8 334 187 374 208 0
116 9 424 181 463 201 0
116 10 947 174 1085 218 0
116 13 737 165 900 226 0
116 14 396 159 508 209 0
116 15 138 189 315 248 0
117 1 518 163 739 373 1
117 3 377 185 417 205 0
117 8 334 187 374 208 0
117 9 424 181 463 201 0
117 10 947 174 1085 218 0
117 13 779 165 949 227 0
117 14 367 161 479 211 0
117 15 162 188 340 247 0
118 1 518 163 739 373 1
118 3 377 185 417 205 0
118 8 334 187 374 208 0
118 9 424 181 463 201 0
118 10 947 174 1085 218 0
118 13 822 165 997 227 0
118 14 339 163 450 212 0
118 15 187 187 364 246 0
119 1 518 163 739 373 1
119 3 377 185 417 205 0
119 8 334 187 374 208 0
119 9 424 181 463 201 0
119 10 947 174 1085 218 0
119 13 866 165 1046 228 0
119 14 311 165 421 213 0
119 15 215 186 391 245 0
120 1 518 163 739 373 1
120 3 377 185 417 205 0
120 8 334 187 374 208 0
120 9 424 181 463 201 0
120 10 947 174 1085 218 0
120 13 909 165 1096 228 0
120 14 283 167 393 215 0
120 15 243 185 419 244 0
120 16 2 202 87 254 0
121 1 518 163 739 373 1
121 3 377 185 417 205 0
121 8 334 187 374 208 0
121 9 424 181 463 201 0
121 10 947 174 1085 218 0
121 13 954 165 1147 229 0
121 14 256 169 366 216 0
121 15 272 183 447 243 0
121 16 2 201 108 254 0
122 1 518 163 739 373 1
122 3 377 185 417 205 0
122 8 334 187 374 208 0
122 9 424 181 463 201 0
122 10 947 174 1085 218 0
122 13 1001 164 1200 228 0
122 14 230 171 339 218 0
122 15 301 182 475 242 0
122 16 2 201 128 255 0
123 1 518 163 739 373 1
123 3 377 185 417 205 0
123 8 334 187 374 208 0
123 9 424 181 463 201 0
123 10 947 174 1085 218 0
123 13 1049 163 1240 227 0
123 14 204 172 312 219 0
123 15 331 181 504 241 0
123 16 2 201 149 255 0
124 1 518 163 739 373 1
124 3 377 185 417 205 0
124 8 334 187 374 208 0
124 9 424 181 463 201 0
124 10 947 174 1085 218 0
124 13 1097 162 1240 226 0
124 14 179 174 286 220 0
124 15 362 180 534 240 0
124 16 19 199 173 253 0
125 1 518 163 739 373 1
125 3 377 185 417 205 0
125 8 334 187 374 208 0
125 9 424 181 463 201 0
125 10 947 174 1085 218 0
125 13 1146 161 1240 226 0
125 14 153 176 261 222 0
125 15 394 179 564 239 0
125 16 44 198 197 252 0
126 1 518 163 739 373 1
126 3 377 185 417 205 0
126 8 334 187 374 208 0
126 9 424 181 463 201 0
126 10 947 174 1085 218 0
126 13 1195 159 1240 225 0
126 14 128 178 235 223 0
126 15 429 178 599 239 0
126 16 68 197 221 251 0
127 1 518 163 739 373 1
127 3 377 185 417 205 0
127 8 334 187 374 208 0
127 9 424 181 463 201 0
127 10 947 174 1085 218 0
127 14 103 180 209 225 0
127 15 465 178 635 239 0
127 16 93 195 245 250 0
128 1 518 163 739 373 1
128 3 377 185 417 205 0
128 8 334 187 374 208 0
128 9 424 181 463 201 0
128 10 947 174 1085 218 0
128 14 79 182 184 226 0
128 15 501 178 670 239 0
128 16 118 194 270 248 0
129 1 518 163 739 373 1
129 3 377 185 417 205 0
129 8 334 187 374 208 0
129 9 424 181 463 201 0
129 10 947 174 1085 218 0
129 14 55 183 159 228 0
129 15 542 177 712 238 0
129 16 144 193 294 247 0
130 1 518 163 739 373 1
130 3 377 185 417 205 0
130 8 334 187 373 208 0
130 9 424 181 463 201 0
130 10 947 174 1085 218 0
130 14 32 185 135 229 0
130 15 584 177 753 238 0
130 16 169 191 319 246 0
130 17 1159 171 1240 208 0
131 1 518 163 739 373 1
131 3 377 185 417 205 0
131 8 334 187 373 208 0
131 9 424 181 463 201 0
131 10 947 174 1085 218 0
131 14 10 187 112 230 0
131 15 626 176 795 238 0
131 16 199 190 348 245 0
131 17 1133 171 1240 208 0
132 1 518 163 739 373 1
132 3 377 185 417 205 0
132 8 334 187 373 208 0
132 9 424 181 463 201 0
132 10 947 174 1085 218 0
132 14 2 188 89 232 0
132 15 669 176 839 238 0
132 16 229 189 376 244 0
132 17 1108 171 1226 208 0
133 1 518 163 739 373 1
133 3 377 185 417 205 0
133 8 334 187 373 208 0
133 9 424 181 463 201 0
133 10 947 174 1085 218 0
133 14 2 190 67 233 0
133 15 709 175 884 238 0
133 16 257 188 403 243 0
133 17 1084 171 1201 208 0
134 1 518 163 739 373 1
134 3 377 185 417 205 0
134 8 334 187 373 208 0
134 9 424 181 463 201 0
134 10 947 174 1085 218 0
134 14 2 191 46 234 0
134 15 749 175 929 237 0
134 16 289 187 434 242 0
134 17 1061 172 1176 208 0
135 1 518 163 739 373 1
135 3 377 185 417 205 0
135 8 334 187 373 208 0
135 9 424 181 463 201 0
135 10 947 174 1085 218 0
135 14 2 193 25 235 0
135 15 788 174 974 237 0
135 16 319 186 463 241 0
135 17 1038 172 1151 208 0
136 1 518 163 739 373 1
136 3 377 185 417 205 0
136 8 334 187 373 208 0
136 9 424 181 463 201 0
136 10 947 174 1085 218 0
136 15 830 174 1022 237 0
136 16 350 184 493 240 0
136 17 1015 172 1126 208 0
137 1 518 163 739 373 1
137 3 377 185 417 205 0
137 8 334 187 373 208 0
137 9 424 181 463 201 0
137 10 947 174 1085 218 0
137 15 877 174 1075 237 0
137 16 381 183 523 239 0
137 17 994 172 1104 208 0
138 1 518 163 739 373 1
138 3 377 185 417 205 0
138 8 334 187 373 208 0
138 9 424 181 463 201 0
138 10 947 174 1085 218 0
138 15 924 173 1128 237 0
138 16 413 182 553 237 0
138 17 974 172 1082 208 0
139 1 518 163 739 373 1
139 3 377 185 417 205 0
139 8 334 187 373 208 0
139 9 424 181 463 201 0
139 10 947 174 1085 218 0
139 15 971 173 1183 237 0
139 16 449 181 588 237 0
139 17 954 172 1061 208 0
140 1 518 163 739 373 1
140 3 377 185 417 205 0
140 8 334 187 373 208 0
140 9 424 181 463 201 0
140 10 947 174 1085 218 0
140 15 1019 172 1237 236 0
140 16 486 181 624 237 0
140 17 934 172 1039 208 0
140 18 2 202 87 258 0
141 1 518 163 739 373 1
141 3 377 185 417 205 0
141 8 334 187 373 208 0
141 9 424 181 463 201 0
141 10 947 174 1085 218 0
141 15 1071 172 1240 237 0
141 16 523 180 661 237 0
141 17 914 172 1018 207 0
141 18 2 200 118 256 0
142 1 518 163 739 373 1
142 3 377 185 417 205 0
142 8 334 187 373 208 0
142 9 424 181 463 201 0
142 10 947 174 1085 218 0
142 15 1123 173 1240 238 0
142 16 561 180 698 236 0
142 17 895 172 996 207 0
142 18 2 198 150 254 0
143 1 518 163 739 373 1
143 3 377 185 417 205 0
143 8 334 187 373 208 0
143 9 424 181 463 201 0
143 10 947 174 1085 218 0
143 15 1175 173 1240 238 0
143 16 598 179 736 236 0
143 17 875 172 975 207 0
143 18 9 196 182 252 0
144 1 518 162 739 373 1
144 3 377 185 417 205 0
144 8 334 187 373 208 0
144 9 424 181 463 201 0
144 10 947 174 1085 218 0
144 16 637 179 774 236 0
144 17 859 172 957 207 0
144 18 43 193 216 250 0
145 1 518 162 739 373 1
145 3 377 185 417 205 0
145 8 334 187 373 208 0
145 9 424 181 463 201 0
145 10 947 174 1085 218 0
145 16 676 178 814 235 0
145 17 842 172 938 207 0
145 18 78 191 251 248 0
146 1 518 162 739 373 1
146 3 377 185 417 205 0
146 8 334 187 373 208 0
146 9 424 181 463 201 0
146 10 947 174 1085 218 0
146 16 714 177 855 235 0
146 17 826 172 920 207 0
146 18 114 189 286 246 0
147 1 518 162 739 373 1
147 3 377 185 417 205 0
147 8 334 187 373 208 0
147 9 424 181 463 201 0
147 10 947 174 1085 218 0
147 16 750 177 897 235 0
147 17 809 172 902 206 0
147 18 150 186 322 244 0
148 1 518 162 739 373 1
148 3 377 185 417 205 0
148 8 334 187 373 208 0
148 9 424 181 463 201 0
148 10 947 174 1085 218 0
148 16 787 176 939 235 0
148 17 793 172 884 206 0
148 18 187 184 358 241 0
149 1 518 162 739 372 1
149 3 377 185 417 205 0
149 8 334 187 373 208 0
149 9 424 181 463 201 0
149 10 947 174 1085 218 0
149 16 829 176 986 235 0
149 17 778 172 868 206 0
149 18 224 182 395 239 0
150 1 518 162 739 372 1
150 3 377 185 417 205 0
150 8 334 187 373 208 0
150 9 424 181 463 201 0
150 10 947 174 1085 218 0
150 16 871 176 1034 235 0
150 17 763 172 852 206 0
150 18 263 180 432 238 0
151 1 518 162 739 372 1
151 3 377 185 417 205 0
151 8 334 187 373 208 0
151 9 424 181 463 201 0
151 10 947 174 1085 218 0
151 16 913 175 1082 235 0
151 17 750 172 836 206 0
151 18 302 179 470 238 0
152 1 518 162 739 372 1
152 3 377 185 417 205 0
152 8 334 187 373 208 0
152 9 424 181 463 201 0
152 10 947 174 1085 218 0
152 16 956 175 1131 235 0
152 17 736 172 822 206 0
152 18 341 178 508 237 0
153 1 518 162 739 372 1
153 3 377 185 417 205 0
153 8 334 187 373 208 0
153 9 424 181 463 201 0
153 10 947 174 1085 218 0
153 16 999 175 1180 235 0
153 17 723 173 808 206 0
153 18 381 177 547 236 0
154 1 517 162 739 372 1
154 3 377 185 417 205 0
154 8 334 187 373 208 0
154 9 424 181 463 201 0
154 10 947 174 1085 218 0
154 16 1044 175 1232 235 0
154 18 421 176 586 235 0
155 1 517 162 739 372 1
155 3 377 185 417 205 0
155 8 334 187 373 208 0
155 9 424 181 463 201 0
155 10 947 174 1085 218 0
155 16 1090 175 1240 235 0
155 18 462 174 627 234 0
156 1 517 162 739 372 1
156 3 377 185 417 205 0
156 8 334 187 373 208 0
156 9 424 181 463 201 0
156 10 947 174 1085 218 0
156 16 1136 175 1240 236 0
156 18 503 173 668 233 0
157 1 517 162 739 372 1
157 3 377 185 417 205 0
157 8 334 187 373 208 0
157 9 424 181 463 201 0
157 10 947 174 1085 218 0
157 16 1182 175 1240 236 0
157 18 545 172 710 232 0
158 1 517 162 739 372 1
158 3 377 185 417 205 0
158 8 334 187 373 208 0
158 9 424 181 463 201 0
158 10 947 174 1085 218 0
158 18 588 171 754 232 0
159 1 517 162 739 372 1
159 3 377 185 417 205 0
159 8 334 187 373 208 0
159 9 424 181 463 201 0
159 10 947 174 1085 218 0
159 18 632 171 797 232 0
160 1 517 162 739 372 1
160 3 377 185 417 205 0
160 8 334 187 373 208 0
160 9 424 181 463 201 0
160 10 947 174 1085 218 0
160 18 677 171 843 232 0
160 19 934 175 1058 210 0
161 1 517 162 739 372 1
161 3 377 185 417 205 0
161 8 334 187 373 208 0
161 9 424 181 463 201 0
161 10 947 174 1085 218 0
161 18 718 170 889 232 0
161 19 885 175 1004 210 0
162 1 517 162 739 372 1
162 3 377 185 417 205 0
162 8 334 187 373 208 0
162 9 424 181 463 201 0
162 10 947 174 1085 218 0
162 18 759 170 936 232 0
162 19 837 175 952 210 0
163 1 517 162 739 372 1
163 3 377 185 417 205 0
163 8 334 187 373 208 0
163 9 424 181 463 201 0
163 10 947 174 1085 218 0
163 18 800 170 984 232 0
163 19 788 175 899 210 0
164 1 517 162 739 372 1
164 3 377 185 417 205 0
164 8 334 187 373 208 0
164 9 424 181 463 201 0
164 10 947 174 1085 218 0
164 18 845 169 1035 232 0
164 19 739 175 847 210 0
165 1 517 162 739 372 1
165 3 377 185 417 205 0
165 8 334 187 373 208 0
165 9 424 181 463 201 0
165 10 947 174 1085 218 0
165 18 891 169 1086 232 0
165 19 690 175 795 209 0
166 1 517 162 739 372 1
166 3 377 185 417 205 0
166 8 334 187 373 208 0
166 9 424 181 463 201 0
166 10 947 174 1085 218 0
166 18 937 169 1139 232 0
166 19 644 176 746 210 0
167 1 517 162 739 372 1
167 3 377 185 417 205 0
167 8 334 187 373 208 0
167 9 424 181 463 201 0
167 10 947 174 1085 218 0
167 18 983 169 1191 232 0
167 19 599 177 698 210 0
168 1 517 162 739 372 1
168 3 377 185 417 205 0
168 8 334 187 373 208 0
168 9 424 181 463 201 0
168 10 947 174 1085 218 0
168 18 1031 168 1240 232 0
168 19 554 177 652 210 0
169 1 517 162 739 372 1
169 3 377 185 417 205 0
169 8 334 187 373 208 0
169 9 424 181 463 201 0
169 10 947 174 1085 218 0
169 18 1080 168 1240 233 0
169 19 508 178 608 211 0
170 1 517 162 739 372 1
170 3 377 185 417 205 0
170 8 334 187 373 208 0
170 9 424 181 463 201 0
170 10 947 174 1085 218 0
170 18 1130 168 1240 233 0
170 19 463 179 564 211 0
170 20 985 168 1093 208 0
170 21 301 171 436 230 0
170 22 180 179 355 248 0
171 1 517 162 739 372 1
171 3 377 185 417 205 0
171 8 334 187 373 208 0
171 9 424 181 463 201 0
171 10 947 174 1085 218 0
171 18 1180 167 1240 233 0
171 19 419 181 521 213 0
171 20 963 168 1068 208 0
171 21 349 170 483 229 0
171 22 226 177 399 246 0
172 1 517 162 739 372 1
172 3 377 185 417 205 0
172 8 334 187 373 208 0
172 9 424 181 463 201 0
172 10 947 174 1085 218 0
172 19 377 183 479 215 0
172 20 940 168 1044 208 0
172 21 398 169 531 229 0
172 22 272 174 444 245 0
173 1 517 162 739 372 1
173 3 377 185 417 205 0
173 8 334 187 373 208 0
173 9 424 181 463 201 0
173 10 947 174 1085 218 0
173 19 335 185 437 217 0
173 20 921 168 1023 208 0
173 21 448 167 579 228 0
173 22 320 172 490 243 0
174 1 517 162 739 372 1
174 3 377 185 417 205 0
174 8 334 187 373 208 0
174 9 424 181 463 201 0
174 10 947 174 1085 218 0
174 19 294 188 396 219 0
174 20 902 168 1002 208 0
174 21 499 166 629 228 0
174 22 367 170 536 241 0
175 1 517 162 739 372 1
175 3 377 185 417 205 0
175 8 334 187 373 208 0
175 9 424 181 463 201 0
175 10 947 174 1085 218 0
175 19 255 190 356 221 0
175 20 883 168 981 208 0
175 21 554 165 684 227 0
175 22 416 167 583 239 0
176 1 517 162 739 372 1
176 3 377 185 417 205 0
176 8 334 187 373 208 0
176 9 424 181 463 201 0
176 10 947 174 1085 218 0
176 19 217 192 317 223 0
176 20 866 168 962 207 0
176 21 610 164 739 226 0
176 22 465 166 631 239 0
177 1 517 162 739 372 1
177 3 377 185 417 205 0
177 8 334 187 373 208 0
177 9 424 181 463 201 0
177 10 947 174 1085 218 0
177 19 180 194 279 224 0
177 20 848 168 943 207 0
177 21 663 162 793 225 0
177 22 515 165 681 238 0
178 1 517 162 739 372 1
178 3 377 185 417 205 0
178 8 334 187 373 208 0
178 9 424 181 463 201 0
178 10 947 174 1085 218 0
178 19 143 196 243 226 0
178 20 831 168 925 207 0
178 21 715 161 849 224 0
178 22 566 164 731 238 0
179 1 517 162 739 372 1
179 3 377 185 417 205 0
179 8 334 187 373 208 0
179 9 424 181 463 201 0
179 10 947 174 1085 218 0
179 19 108 198 207 227 0
179 20 816 167 908 205 0
179 21 765 160 906 224 0
179 22 618 163 782 237 0
180 1 517 162 739 372 1
180 3 377 185 417 205 0
180 8 334 187 373 208 0
180 9 424 181 463 201 0
180 10 947 174 1085 218 0
180 19 74 199 172 229 0
180 20 800 167 890 205 0
180 21 817 158 964 223 0
180 22 670 163 837 237 0
181 1 517 162 739 372 1
181 3 377 185 417 205 0
181 8 334 187 373 208 0
181 9 424 181 463 201 0
181 10 947 174 1085 218 0
181 19 41 201 138 230 0
181 20 784 167 873 206 0
181 21 870 158 1024 223 0
181 22 720 162 893 237 0
182 1 517 162 739 372 1
182 3 377 185 417 205 0
182 8 334 187 373 208 0
182 9 424 181 463 201 0
182 10 947 174 1085 218 0
182 19 9 202 105 231 0
182 20 769 168 857 206 0
182 21 924 158 1084 223 0
182 22 769 161 950 237 0
183 1 517 162 739 372 1
183 3 377 185 417 205 0
183 8 334 187 373 208 0
183 9 424 181 463 201 0
183 10 947 174 1085 218 0
183 19 2 203 74 231 0
183 20 754 168 842 206 0
183 21 979 158 1146 223 0
183 22 820 161 1008 237 0
184 1 517 162 739 372 1
184 3 377 185 417 205 0
184 8 334 187 373 208 0
184 9 424 181 463 201 0
184 10 947 174 1085 218 0
184 20 740 169 828 206 0
184 21 1034 157 1208 223 0
184 22 871 160 1067 236 0
185 1 517 162 739 372 1
185 3 377 185 417 205 0
185 8 334 187 373 208 0
185 9 424 181 463 201 0
185 10 947 174 1085 218 0
185 20 727 169 814 206 0
185 21 1092 157 1240 223 0
185 22 923 160 1127 236 0
186 1 517 162 739 372 1
186 3 377 185 417 205 0
186 8 334 187 373 208 0
186 9 424 181 463 201 0
186 10 947 174 1085 218 0
186 20 714 169 801 206 0
186 21 1150 156 1240 223 0
186 22 975 159 1188 236 0
187 1 517 162 739 372 1
187 3 377 185 417 205 0
187 8 334 187 373 208 0
187 9 424 181 463 201 0
187 10 947 174 1085 218 0
187 20 702 169 788 205 0
187 21 1209 156 1240 223 0
187 22 1028 158 1240 236 0
188 1 517 162 739 372 1
188 3 377 185 417 205 0
188 8 334 187 373 208 0
188 9 424 181 463 201 0
188 10 947 174 1085 218 0
188 20 690 169 775 205 0
188 22 1082 158 1240 236 0
189 1 517 162 739 372 1
189 3 377 185 417 205 0
189 8 334 187 373 208 0
189 9 424 181 463 201 0
189 10 947 174 1085 218 0
189 20 680 169 764 205 0
189 22 1136 157 1240 236 0
190 1 517 162 739 372 1
190 3 377 185 417 205 0
190 8 334 187 373 208 0
190 9 424 181 463 201 0
190 10 947 174 1085 218 0
190 20 671 169 753 204 0
190 22 1192 157 1240 236 0
191 1 517 162 739 371 1
191 3 377 185 417 205 0
191 8 334 187 373 208 0
191 9 424 181 463 201 0
191 10 947 174 1085 218 0
191 20 662 169 742 204 0
192 1 517 162 739 371 1
192 3 377 185 417 205 0
192 8 334 187 373 208 0
192 9 424 181 463 201 0
192 10 947 174 1085 218 0
192 20 653 169 731 203 0
193 1 517 161 739 371 1
193 3 377 185 417 205 0
193 8 334 187 373 208 0
193 9 424 181 463 201 0
193 10 947 174 1085 218 0
193 20 644 168 721 203 0
194 1 517 161 739 371 1
194 3 377 185 417 205 0
194 8 334 187 373 208 0
194 9 424 181 463 201 0
194 10 947 174 1085 218 0
194 20 635 168 710 202 0
195 1 517 161 739 371 1
195 3 377 185 417 205 0
195 8 334 187 373 208 0
195 9 424 181 463 201 0
195 10 947 174 1085 218 0
196 1 517 161 739 371 1
196 3 377 185 417 205 0
196 8 334 187 373 208 0
196 9 424 181 463 201 0
196 10 947 174 1086 218 0
197 1 517 161 739 371 1
197 3 377 185 417 205 0
197 8 334 187 373 208 0
197 9 424 181 463 201 0
197 10 947 174 1086 218 0
198 1 517 161 739 371 1
198 3 377 185 417 205 0
198 8 334 187 373 208 0
198 9 424 181 463 201 0
198 10 947 174 1086 218 0
199 1 517 161 739 371 1
199 3 377 185 417 205 0
199 8 334 187 373 208 0
199 9 424 181 463 201 0
199 10 947 174 1086 218 0
200 1 517 161 739 371 1
200 3 377 185 417 205 0
200 8 334 187 373 208 0
200 9 424 181 463 201 0
200 10 947 174 1086 218 0
200 23 1182 171 1240 210 0
201 1 517 161 739 371 1
201 3 377 185 417 205 0
201 8 334 187 373 208 0
201 9 424 181 463 201 0
201 10 947 174 1086 218 0
201 23 1132 172 1240 211 0
202 1 517 161 739 371 1
202 3 377 185 417 205 0
202 8 334 187 373 208 0
202 9 424 181 463 201 0
202 10 947 174 1086 218 0
202 23 1083 174 1221 212 0
203 1 517 161 739 371 1
203 3 377 185 417 205 0
203 8 334 187 373 208 0
203 9 424 181 463 201 0
203 10 947 174 1086 218 0
203 23 1035 174 1169 212 0
204 1 517 161 739 371 1
204 3 377 185 417 205 0
204 8 334 187 373 208 0
204 9 424 181 463 201 0
204 10 947 174 1086 218 0
204 23 988 174 1117 213 0
205 1 517 161 739 371 1
205 3 377 185 417 205 0
205 8 334 187 373 208 0
205 9 424 181 463 201 0
205 10 947 174 1086 218 0
205 23 940 175 1066 213 0
206 1 517 161 739 371 1
206 3 377 185 417 205 0
206 8 334 187 373 208 0
206 9 424 181 463 201 0
206 10 947 174 1086 218 0
206 23 894 175 1015 213 0
207 1 517 161 739 371 1
207 3 377 185 417 205 0
207 8 334 187 373 208 0
207 9 424 181 463 201 0
207 10 947 174 1086 218 0
207 23 848 176 964 213 0
208 1 517 161 739 371 1
208 3 377 185 417 205 0
208 8 334 187 373 208 0
208 9 424 181 463 201 0
208 10 947 174 1086 218 0
208 23 803 176 916 214 0
209 1 517 161 739 371 1
209 3 377 185 417 205 0
209 8 334 187 373 208 0
209 9 424 181 463 201 0
209 10 947 174 1086 218 0
209 23 758 176 868 213 0
210 1 517 161 739 371 1
210 3 377 185 417 205 0
210 8 334 187 373 208 0
210 9 424 181 463 201 0
210 10 947 174 1086 218 0
210 23 712 176 819 213 0
211 1 517 161 739 371 1
211 3 377 185 417 205 0
211 8 334 187 373 208 0
211 9 424 181 463 201 0
211 10 947 174 1086 218 0
211 23 671 175 776 212 0
212 1 517 161 739 371 1
212 3 377 185 417 205 0
212 8 334 187 373 208 0
212 9 424 181 463 201 0
212 10 947 174 1086 218 0
212 23 631 175 734 211 0
213 1 517 161 739 371 1
213 3 377 185 417 205 0
213 8 333 187 373 208 0
213 9 424 181 463 201 0
213 10 947 174 1086 218 0
213 23 585 176 685 212 0
214 1 517 161 739 371 1
214 3 377 185 417 205 0
214 8 333 187 373 208 0
214 9 424 181 463 201 0
214 10 947 174 1086 218 0
214 23 540 177 640 212 0
215 1 517 161 739 371 1
215 3 377 185 417 205 0
215 8 333 187 373 208 0
215 9 424 181 463 201 0
215 10 947 174 1086 218 0
215 23 498 178 600 213 0
216 1 517 161 739 371 1
216 3 377 185 417 205 0
216 8 333 187 373 208 0
216 9 424 181 463 201 0
216 10 947 174 1086 218 0
216 23 458 178 560 214 0
217 1 517 161 739 371 1
217 3 377 185 417 205 0
217 8 333 187 373 208 0
217 9 424 181 463 201 0
217 10 948 174 1086 218 0
217 23 418 179 521 214 0
218 1 517 161 739 371 1
218 3 377 185 417 205 0
218 8 333 187 373 208 0
218 9 424 181 463 201 0
218 10 948 174 1086 218 0
218 23 378 180 482 214 0
219 1 517 161 739 371 1
219 3 377 185 417 205 0
219 8 333 187 373 208 0
219 9 424 181 463 201 0
219 10 948 174 1086 218 0
219 23 340 182 445 217 0
220 1 517 161 739 371 1
220 3 377 185 417 205 0
220 8 333 187 373 208 0
220 9 424 181 463 201 0
220 10 948 174 1086 218 0
220 23 304 185 408 219 0
221 1 517 161 739 371 1
221 3 377 185 417 205 0
221 8 333 187 373 208 0
221 9 424 181 463 201 0
221 10 948 174 1086 218 0
221 23 267 187 371 221 0
222 1 517 161 739 371 1
222 3 377 185 417 205 0
222 8 333 187 373 208 0
222 9 424 181 463 201 0
222 10 948 174 1086 218 0
222 23 232 189 336 223 0
223 1 517 161 739 371 1
223 3 377 185 417 205 0
223 8 333 187 373 208 0
223 9 424 181 463 201 0
223 10 948 174 1086 218 0
223 23 198 192 301 225 0
224 1 517 161 739 371 1
224 3 377 185 417 205 0
224 8 333 187 373 208 0
224 9 424 181 463 201 0
224 10 948 174 1086 218 0
224 23 164 194 266 227 0
225 1 517 161 739 371 1
225 3 377 185 417 205 0
225 8 333 187 373 208 0
225 9 424 181 463 202 0
225 10 948 174 1086 218 0
225 23 132 195 234 228 0
226 1 517 161 739 371 1
226 3 377 185 417 205 0
226 8 333 187 373 208 0
226 9 424 181 463 202 0
226 10 948 174 1086 218 0
226 23 101 197 202 229 0
227 1 517 161 739 371 1
227 3 377 185 417 205 0
227 8 333 187 373 208 0
227 9 424 181 463 202 0
227 10 948 174 1086 218 0
227 23 70 198 171 230 0
228 1 517 161 739 371 1
228 3 377 185 417 205 0
228 8 333 187 373 208 0
228 9 424 181 463 202 0
228 10 948 174 1086 218 0
228 23 41 199 141 231 0
229 1 517 161 739 371 1
229 3 377 185 417 205 0
229 8 333 187 373 208 0
229 9 424 181 463 202 0
229 10 948 174 1086 218 0
229 23 13 201 112 232 0
230 1 517 161 739 371 1
230 3 377 185 417 205 0
230 8 333 187 373 208 0
230 9 424 181 463 202 0
230 10 948 174 1086 218 0
230 23 2 202 83 233 0
231 1 517 161 739 371 1
231 3 377 185 417 205 0
231 8 333 187 373 208 0
231 9 424 181 463 202 0
231 10 948 174 1086 218 0
231 23 2 203 55 234 0
232 1 517 161 739 371 1
232 3 377 185 417 205 0
232 8 333 187 373 208 0
232 9 424 181 462 202 0
232 10 948 174 1086 218 0
233 1 517 161 738 370 1
233 3 377 185 417 205 0
233 8 333 187 373 208 0
233 9 424 181 462 202 0
233 10 948 174 1086 218 0
234 1 517 161 738 370 1
234 3 377 185 417 205 0
234 8 333 187 373 208 0
234 9 424 181 462 202 0
234 10 948 174 1086 218 0
235 1 517 161 738 370 1
235 3 377 185 417 205 0
235 8 333 187 373 208 0
235 9 424 181 462 202 0
235 10 948 174 1086 218 0
236 1 517 161 738 370 1
236 3 377 185 417 205 0
236 8 333 187 373 208 0
236 9 424 181 462 202 0
236 10 948 174 1086 218 0
237 1 517 161 738 370 1
237 3 377 185 417 205 0
237 8 333 187 373 208 0
237 9 424 181 462 202 0
237 10 948 174 1086 218 0
238 1 517 161 738 370 1
238 3 377 185 417 205 0
238 8 333 187 373 208 0
238 9 424 181 462 202 0
238 10 948 174 1086 218 0
239 1 517 161 738 370 1
239 3 377 185 417 205 0
239 8 333 187 373 208 0
239 9 424 181 462 202 0
239 10 948 174 1086 218 0
240 1 517 161 738 370 1
240 3 377 185 417 205 0
240 8 333 187 373 208 0
240 9 424 181 462 202 0
240 10 948 174 1086 218 0
241 1 517 161 738 370 1
241 3 377 185 417 205 0
241 8 333 187 373 208 0
241 9 424 181 462 202 0
241 10 948 174 1086 218 0
242 1 517 161 738 370 1
242 3 377 185 417 205 0
242 8 333 187 373 208 0
242 9 424 181 462 202 0
242 10 948 174 1086 218 0
243 1 517 160 738 370 1
243 3 377 185 417 205 0
243 8 333 187 373 208 0
243 9 424 181 462 202 0
243 10 948 174 1086 218 0
244 1 517 160 738 370 1
244 3 377 185 417 205 0
244 8 333 187 373 208 0
244 9 424 181 462 202 0
244 10 948 174 1086 218 0
245 1 517 160 738 370 1
245 3 377 185 417 205 0
245 8 333 187 373 208 0
245 9 424 182 462 202 0
245 10 948 174 1086 218 0
246 1 517 160 738 370 1
246 3 377 185 417 205 0
246 8 333 187 373 208 0
246 9 424 182 462 202 0
246 10 948 174 1086 218 0
247 1 517 160 738 370 1
247 3 377 185 417 205 0
247 8 333 187 373 208 0
247 9 424 182 462 202 0
247 10 948 174 1086 218 0
248 1 517 160 738 370 1
248 3 377 185 417 205 0
248 8 333 187 373 208 0
248 9 424 182 462 202 0
248 10 948 174 1086 218 0
249 1 517 160 738 370 1
249 3 377 185 417 205 0
249 8 333 187 373 208 0
249 9 424 182 462 202 0
249 10 948 174 1086 218 0
250 1 517 160 738 370 1
250 3 377 185 417 205 0
250 8 333 187 373 208 0
250 9 424 182 462 202 0
250 10 948 174 1086 218 0
251 1 517 160 738 370 1
251 3 377 185 417 205 0
251 8 333 187 373 208 0
251 9 424 182 462 202 0
251 10 948 174 1086 218 0
252 1 517 160 738 370 1
252 3 377 185 417 205 0
252 8 333 187 373 208 0
252 9 424 182 462 202 0
252 10 948 174 1086 218 0
253 1 517 160 738 370 1
253 3 377 185 417 205 0
253 8 333 187 373 208 0
253 9 424 182 462 202 0
253 10 948 174 1086 218 0
254 1 517 160 738 370 1
254 3 377 185 417 205 0
254 8 333 187 373 208 0
254 9 424 182 462 202 0
254 10 948 174 1086 218 0
255 1 517 160 738 370 1
255 3 377 185 417 205 0
255 8 333 187 373 208 0
255 9 424 182 462 202 0
255 10 948 174 1086 218 0
256 1 517 160 738 370 1
256 3 377 185 417 205 0
256 8 333 187 373 208 0
256 9 424 182 462 202 0
256 10 948 174 1086 218 0
257 1 517 160 738 370 1
257 3 377 184 417 205 0
257 8 333 187 373 208 0
257 9 424 182 462 202 0
257 10 948 174 1086 218 0
258 1 517 160 738 370 1
258 3 377 184 417 205 0
258 8 333 187 373 208 0
258 9 424 182 462 202 0
258 10 948 174 1086 218 0
259 1 517 160 738 370 1
259 3 377 184 417 205 0
259 8 333 187 373 208 0
259 9 424 182 462 202 0
259 10 948 174 1086 218 0
260 1 517 160 738 370 1
260 3 377 184 417 205 0
260 8 333 187 373 208 0
260 9 424 182 462 202 0
260 10 948 174 1086 218 0
261 1 517 160 738 370 1
261 3 377 184 417 205 0
261 8 333 187 373 208 0
261 9 424 182 462 202 0
261 10 948 174 1086 218 0
262 1 517 160 738 370 1
262 3 377 185 417 205 0
262 8 333 187 373 208 0
262 9 424 182 462 202 0
262 10 948 174 1086 218 0
263 1 517 160 738 370 1
263 3 377 185 417 205 0
263 8 333 187 373 208 0
263 9 424 182 462 202 0
263 10 948 174 1086 218 0
264 1 517 160 738 370 1
264 3 376 185 417 205 0
264 8 333 187 373 208 0
264 9 424 182 462 202 0
264 10 948 174 1086 218 0
265 1 517 160 738 370 1
265 3 376 185 417 205 0
265 8 333 187 373 208 0
265 9 424 182 462 202 0
265 10 948 174 1086 218 0
266 1 517 160 738 370 1
266 3 376 185 417 205 0
266 8 333 187 373 208 0
266 9 424 182 462 202 0
266 10 948 174 1086 218 0
267 1 517 160 738 370 1
267 3 376 185 417 205 0
267 8 333 187 373 208 0
267 9 424 182 462 202 0
267 10 948 174 1086 218 0
268 1 517 160 738 370 1
268 3 376 185 417 205 0
268 8 333 187 373 208 0
268 9 424 182 462 202 0
268 10 948 174 1086 218 0
269 1 517 160 738 370 1
269 3 376 185 417 205 0
269 8 333 187 373 208 0
269 9 424 182 462 202 0
269 10 948 174 1086 218 0
270 1 517 160 738 370 1
270 3 376 185 417 205 0
270 8 333 187 373 208 0
270 9 424 182 462 202 0
270 10 948 174 1086 218 0
271 1 517 160 738 370 1
271 3 376 185 417 205 0
271 8 333 187 373 208 0
271 9 424 182 462 202 0
271 10 948 174 1086 218 0
272 1 517 160 738 370 1
272 3 376 185 418 205 0
272 8 333 187 373 208 0
272 9 424 182 462 202 0
272 10 948 174 1086 218 0
273 1 517 160 738 370 1
273 3 376 185 418 205 0
273 8 333 187 373 208 0
273 9 424 182 462 202 0
273 10 948 174 1086 218 0
274 1 517 160 738 370 1
274 3 375 185 417 205 0
274 8 333 187 373 208 0
274 9 424 182 462 202 0
274 10 948 174 1086 218 0
275 1 519 162 739 371 1
275 3 375 185 417 205 0
275 8 333 187 373 208 0
275 9 424 182 462 202 0
275 10 948 174 1086 218 0
276 1 520 164 741 373 1
276 3 374 185 416 205 0
276 8 333 187 373 208 0
276 9 424 182 462 202 0
276 10 948 174 1086 218 0
277 1 522 166 742 373 1
277 3 374 185 416 206 0
277 8 333 187 373 208 0
277 9 424 182 462 202 0
277 10 948 174 1086 218 0
278 1 523 168 743 373 1
278 3 374 185 415 206 0
278 8 332 188 372 208 0
278 9 424 182 462 202 0
278 10 948 174 1086 218 0
279 1 524 168 741 373 1
279 3 373 185 414 206 0
279 8 331 188 372 208 0
279 9 424 182 462 202 0
279 10 948 174 1086 218 0
280 1 525 168 740 372 1
280 3 372 185 414 206 0
280 8 330 188 371 209 0
280 9 423 182 462 202 0
280 10 948 174 1086 218 0
280 11 1174 174 1240 216 0
280 12 1074 212 1240 373 0
281 1 525 168 738 369 1
281 3 371 186 413 206 0
281 8 329 188 370 209 0
281 9 423 182 462 202 0
281 10 948 174 1086 218 0
281 11 1170 174 1240 217 0
281 12 1064 213 1240 373 0
282 1 526 168 736 366 1
282 3 371 186 413 206 0
282 8 328 189 369 209 0
282 9 423 182 461 202 0
282 10 948 174 1086 218 0
282 11 1167 174 1240 217 0
282 12 1063 212 1240 373 0
283 1 527 167 734 364 1
283 3 369 186 412 207 0
283 8 327 189 368 210 0
283 9 423 182 461 202 0
283 10 948 174 1086 218 0
283 11 1163 174 1240 217 0
283 12 1062 210 1240 373 0
284 1 527 167 732 361 1
284 3 368 186 410 207 0
284 8 326 189 368 210 0
284 9 422 182 461 203 0
284 10 948 174 1086 218 0
284 11 1159 174 1240 217 0
284 12 1061 207 1240 373 0
285 1 528 167 730 359 1
285 3 366 186 409 207 0
285 8 324 189 367 211 0
285 9 422 183 460 203 0
285 10 948 174 1086 218 0
285 11 1156 174 1240 217 0
285 12 1060 205 1240 373 0
286 1 531 167 727 353 1
286 3 365 186 408 207 0
286 8 322 189 365 210 0
286 9 421 183 460 204 0
286 10 948 174 1087 218 0
286 11 1154 174 1240 217 0
286 12 1061 205 1240 373 0
287 1 533 167 723 347 1
287 3 363 186 407 207 0
287 8 320 188 363 210 0
287 9 420 184 460 204 0
287 10 948 174 1087 218 0
287 11 1152 175 1240 218 0
287 12 1061 207 1240 373 0
288 1 536 167 720 342 1
288 3 362 186 406 208 0
288 8 317 189 361 211 0
288 9 420 184 459 205 0
288 10 948 174 1087 218 0
288 11 1149 175 1240 218 0
288 12 1064 205 1240 373 0
289 1 538 167 716 337 1
289 3 360 187 405 208 0
289 8 314 190 358 212 0
289 9 419 184 459 205 0
289 10 948 174 1087 218 0
289 11 1147 175 1240 219 0
289 12 1067 208 1240 373 0
290 1 540 167 713 332 1
290 3 358 188 403 209 0
290 8 311 191 356 214 0
290 9 419 185 459 206 0
290 10 948 174 1087 218 0
290 11 1145 176 1240 219 0
290 12 1071 206 1240 373 0
291 1 542 170 709 328 1
291 3 355 189 401 211 0
291 8 307 192 354 215 0
291 9 418 185 459 206 0
291 10 950 176 1089 220 0
291 11 1143 176 1240 219 0
291 12 1075 206 1240 373 0
292 1 544 173 705 325 1
292 3 352 190 399 212 0
292 8 304 193 351 216 0
292 9 417 186 458 207 0
292 10 952 177 1092 222 0
292 11 1145 176 1240 220 0
292 12 1079 204 1240 373 0
293 1 546 175 702 322 1
293 3 349 191 396 214 0
293 8 300 194 348 217 0
293 9 416 187 457 209 0
293 10 954 179 1095 224 0
293 11 1147 177 1240 220 0
293 12 1086 210 1240 373 0
294 1 548 177 698 319 1
294 3 347 192 394 215 0
294 8 295 195 344 218 0
294 9 415 188 456 210 0
294 10 956 180 1098 225 0
294 11 1150 177 1240 221 0
294 12 1094 210 1240 373 0
295 1 551 178 696 315 1
295 3 344 193 392 217 0
295 8 291 195 340 219 0
295 9 414 189 456 211 0
295 10 958 182 1101 227 0
295 11 1152 177 1240 221 0
295 12 1108 209 1240 373 0
296 1 553 178 693 311 1
296 3 341 194 390 218 0
296 8 286 196 337 220 0
296 9 412 190 455 212 0
296 10 960 183 1104 229 0
296 11 1154 177 1240 222 0
296 12 1123 213 1240 373 0
297 1 555 179 691 308 1
297 3 336 194 387 219 0
297 8 279 196 332 221 0
297 9 411 191 454 213 0
297 10 962 183 1108 229 0
297 11 1156 178 1240 222 0
297 12 1138 213 1240 373 0
298 1 556 179 689 304 1
298 3 332 195 383 220 0
298 8 273 197 327 222 0
298 9 409 191 452 214 0
298 10 965 183 1113 229 0
298 11 1158 178 1240 223 0
298 12 1155 214 1240 373 0
299 1 558 180 687 301 1
299 3 327 195 380 221 0
299 8 266 198 322 223 0
299 9 407 191 451 214 0
299 10 968 183 1117 230 0
299 11 1165 178 1240 224 0
299 12 1173 215 1240 373 0
300 1 560 180 685 298 1
300 3 322 196 377 222 0
300 8 258 198 316 225 0
300 9 405 191 449 215 0
300 10 971 183 1121 230 0
300 11 1172 178 1240 225 0
301 1 561 180 683 295 1
301 3 316 196 373 223 0
301 8 250 199 310 226 0
301 9 403 191 448 215 0
301 10 974 182 1126 230 0
301 11 1179 179 1240 225 0
302 1 563 180 681 293 1
302 3 310 196 368 224 0
302 8 241 199 303 227 0
302 9 400 191 446 215 0
302 10 980 182 1134 230 0
302 11 1186 179 1240 226 0
303 1 564 181 680 290 1
303 3 304 197 364 225 0
303 8 232 200 297 228 0
303 9 398 192 444 216 0
303 10 985 182 1142 231 0
303 11 1194 179 1240 227 0
304 1 566 181 678 288 1
304 3 297 197 359 226 0
304 8 223 201 290 230 0
304 9 395 192 442 216 0
304 10 991 182 1151 231 0
304 11 1201 180 1240 228 0
305 1 567 181 677 285 1
305 3 290 198 354 227 0
305 8 213 202 282 231 0
305 9 392 192 440 217 0
305 10 997 181 1160 232 0
305 11 1209 180 1240 229 0
306 1 569 181 676 283 1
306 3 281 198 348 229 0
306 8 201 202 273 233 0
306 9 389 192 438 218 0
306 10 1004 183 1171 234 0
307 1 570 182 675 281 1
307 3 271 199 341 230 0
307 8 187 203 263 235 0
307 9 386 192 436 218 0
307 10 1012 184 1182 236 0
308 1 572 182 674 279 1
308 3 261 199 333 231 0
308 8 173 203 253 236 0
308 9 381 193 432 219 0
308 10 1019 185 1194 238 0
309 1 573 182 673 277 1
309 3 250 199 325 233 0
309 8 158 204 242 238 0
309 9 375 193 428 220 0
309 10 1027 186 1207 241 0
310 1 574 182 672 276 1
310 3 235 200 315 235 0
310 8 140 205 228 240 0
310 9 369 193 424 221 0
310 10 1036 186 1220 242 0
310 24 314 196 364 221 0
311 1 574 182 670 274 1
311 3 219 200 305 237 0
311 8 119 205 213 243 0
311 9 363 194 420 222 0
311 10 1045 186 1235 243 0
311 24 305 197 357 222 0
312 1 574 182 668 272 1
312 3 202 201 293 239 0
312 8 97 206 197 246 0
312 9 356 194 416 224 0
312 10 1054 186 1240 245 0
312 24 296 197 350 223 0
313 1 574 183 666 271 1
313 3 182 202 281 242 0
313 8 73 207 179 249 0
313 9 348 194 410 224 0
313 10 1064 186 1240 246 0
313 24 287 197 342 224 0
314 1 574 183 665 269 1
314 3 159 203 265 245 0
314 8 47 208 160 252 0
314 9 340 194 404 226 0
314 10 1074 186 1240 248 0
314 24 276 198 335 225 0
315 1 574 183 663 268 1
315 3 134 204 248 248 0
315 8 18 209 139 255 0
315 9 331 194 398 227 0
315 10 1085 186 1240 250 0
315 24 266 198 326 226 0
316 1 574 183 662 266 1
316 3 105 205 229 252 0
316 8 2 210 113 258 0
316 9 319 194 390 228 0
316 10 1099 185 1240 251 0
316 24 255 199 318 227 0
317 1 574 183 660 265 1
317 3 73 206 208 256 0
317 8 2 210 83 261 0
317 9 306 195 382 230 0
317 10 1114 184 1240 252 0
317 24 240 199 307 229 0
318 1 575 183 659 263 1
318 3 34 207 183 262 0
318 8 2 210 49 265 0
318 9 293 195 373 231 0
318 10 1129 183 1240 253 0
318 24 224 200 295 231 0
319 1 574 183 657 262 1
319 3 2 209 155 268 0
319 9 278 195 363 233 0
319 10 1146 182 1240 255 0
319 24 207 200 283 233 0
320 1 573 183 655 261 1
320 3 2 211 124 275 0
320 9 261 195 353 235 0
320 10 1163 181 1240 256 0
320 24 189 201 269 235 0
320 27 363 191 406 217 0
321 1 573 183 654 260 1
321 3 2 213 87 284 0
321 9 244 196 342 238 0
321 24 168 202 254 238 0
321 27 357 191 401 217 0
322 1 573 183 652 259 1
322 3 2 216 41 296 0
322 9 222 197 328 242 0
322 24 146 203 238 241 0
322 27 350 191 396 218 0
323 1 572 183 650 257 1
323 9 197 199 313 246 0
323 24 121 204 221 244 0
323 27 342 192 390 220 0
324 1 572 183 649 256 1
324 9 170 201 296 252 0
324 24 94 205 202 247 0
324 27 334 193 384 222 0
325 1 571 182 647 255 1
325 9 139 203 278 258 0
325 24 64 206 181 251 0
325 27 326 193 377 223 0
326 1 571 182 646 254 1
326 9 103 205 257 265 0
326 24 30 207 158 255 0
326 27 317 194 369 225 0
327 1 570 182 644 253 1
327 9 58 205 232 270 0
327 24 2 209 132 260 0
327 27 307 195 361 227 0
328 1 570 182 643 252 1
328 9 5 205 204 276 0
328 27 297 196 352 228 0
329 1 569 182 642 251 1
329 9 2 205 171 284 0
329 27 284 196 344 230 0
330 1 569 181 641 249 1
330 9 2 205 132 293 0
330 25 99 204 223 252 0
330 26 203 198 280 229 0
330 27 271 196 334 231 0
331 1 569 181 640 248 1
331 9 2 211 80 314 0
331 25 65 205 201 255 0
331 26 182 200 265 233 0
331 27 256 196 324 233 0
332 1 568 180 639 247 1
332 9 2 218 16 343 0
332 25 23 207 174 262 0
332 26 160 202 249 236 0
332 27 240 196 313 235 0
333 1 568 180 638 246 1
333 25 2 211 142 271 0
333 26 135 203 231 240 0
333 27 224 197 301 237 0
334 1 568 179 637 245 1
334 25 2 214 105 281 0
334 26 108 205 211 244 0
334 27 205 198 288 241 0
335 1 568 178 637 243 1
335 25 2 219 63 293 0
335 26 77 207 189 249 0
335 27 184 200 273 245 0
336 1 568 178 636 242 1
336 26 42 209 165 254 0
336 27 161 200 257 247 0
337 1 569 177 636 241 1
337 26 2 211 138 259 0
337 27 135 200 239 250 0
338 1 569 177 636 240 1
338 26 2 212 108 265 0
338 27 106 200 220 253 0
339 1 569 176 635 239 1
339 26 2 215 74 272 0
339 27 72 201 198 258 0
340 1 569 176 635 238 1
340 27 33 202 173 264 0
341 1 570 175 635 237 1
341 27 2 204 143 271 0
342 1 570 175 635 236 1
342 27 2 205 108 279 0
343 1 571 175 635 235 1
343 27 2 208 67 289 0
344 1 571 175 634 235 1
345 1 571 174 634 234 1
346 1 572 174 634 233 1
347 1 573 175 634 234 1
348 1 573 177 635 235 1
349 1 574 178 635 235 1
350 1 575 179 635 236 1
351 1 574 177 634 234 1
352 1 574 175 633 232 1
353 1 573 174 632 229 1
354 1 573 172 631 227 1
355 1 573 170 630 225 1
356 1 573 172 630 226 1
357 1 573 174 630 228 1
358 1 574 177 630 230 1
359 1 574 179 630 232 1
360 1 574 181 630 233 1
