0 1 653 167 704 204 0
0 42 2 190 104 297 0
1 1 651 165 703 202 0
1 42 2 191 66 307 0
2 1 650 162 702 200 0
2 42 2 191 22 320 0
3 1 648 159 701 198 0
4 1 647 160 701 200 0
5 1 646 160 701 201 0
6 1 645 163 700 204 0
7 1 643 161 699 203 0
8 1 642 159 699 202 0
9 1 640 157 698 200 0
10 1 640 157 698 201 0
11 1 639 157 698 203 0
12 1 639 157 699 204 0
13 1 638 157 699 204 0
14 1 637 156 700 204 0
15 1 637 155 700 205 0
16 1 636 155 701 205 0
17 1 636 154 701 205 0
18 1 635 154 702 207 0
19 1 634 155 702 208 0
20 1 634 155 703 210 0
20 2 557 174 577 190 0
21 1 633 155 704 211 0
21 2 555 174 576 191 0
22 1 633 154 706 212 0
22 2 553 174 574 191 0
23 1 633 154 707 213 0
23 2 552 174 573 191 0
24 1 633 153 709 214 0
24 2 551 174 573 192 0
25 1 634 153 712 215 0
25 2 550 174 572 192 0
26 1 635 152 714 216 0
26 2 549 174 571 192 0
27 1 636 151 717 217 0
27 2 548 175 571 193 0
28 1 637 150 721 219 0
28 2 548 175 571 193 0
29 1 638 149 724 220 0
29 2 548 175 571 194 0
30 1 640 149 727 221 0
30 2 548 175 571 194 0
31 1 641 147 732 222 0
31 2 548 175 572 195 0
32 1 643 146 736 224 0
32 2 548 176 572 195 0
33 1 644 145 741 225 0
33 2 548 175 572 195 0
34 1 646 144 746 226 0
34 2 548 174 572 194 0
35 1 648 142 751 228 0
35 2 548 173 573 194 0
36 1 651 141 756 230 0
36 2 548 172 573 193 0
37 1 654 139 762 232 0
37 2 548 172 573 192 0
38 1 657 138 768 234 0
38 2 548 172 574 193 0
39 1 661 136 775 236 0
39 2 549 172 575 193 0
40 1 665 134 781 239 0
40 2 550 172 576 194 0
41 1 669 133 789 241 0
41 2 550 172 577 194 0
42 1 674 131 796 244 0
42 2 551 172 578 195 0
43 1 679 129 805 248 0
43 2 553 172 580 195 0
44 1 685 127 813 251 0
44 2 555 171 583 195 0
45 1 691 124 823 255 0
45 2 558 171 585 195 0
46 1 698 121 833 260 0
46 2 560 171 588 195 0
47 1 706 118 844 265 0
47 2 563 170 591 195 0
48 1 715 115 856 270 0
48 2 564 170 593 195 0
49 1 724 111 869 276 0
49 2 564 171 595 196 0
50 1 735 107 885 283 0
50 2 565 171 597 196 0
50 5 490 168 511 189 0
50 43 1205 202 1240 227 0
51 1 743 103 903 291 0
51 2 565 172 598 197 0
51 5 489 168 511 189 0
52 1 751 98 924 300 0
52 2 564 172 598 199 0
52 5 488 168 510 189 0
53 1 761 92 948 309 0
53 2 564 173 599 200 0
53 5 487 168 509 190 0
54 1 772 86 975 321 0
54 2 564 174 600 201 0
54 5 486 168 509 190 0
55 1 785 79 1008 335 0
55 2 561 171 598 199 0
55 5 485 168 508 190 0
56 1 798 70 1043 350 0
56 2 559 169 596 197 0
56 5 481 165 505 187 0
57 1 813 60 1085 368 0
57 2 556 166 594 195 0
57 5 478 162 502 185 0
58 1 831 48 1136 373 0
58 2 555 166 593 195 0
58 5 475 162 500 185 0
59 1 852 32 1201 373 0
59 2 553 166 591 196 0
59 5 472 162 497 186 0
60 1 880 12 1240 373 0
60 2 551 167 589 197 0
60 3 68 167 173 237 0
60 4 36 160 139 223 0
60 5 468 163 493 186 0
61 1 894 2 1240 373 0
61 2 548 167 588 198 0
61 3 45 167 154 240 0
61 4 16 159 121 225 0
61 5 465 162 491 186 0
62 1 910 2 1240 373 0
62 2 546 168 586 199 0
62 3 21 167 134 244 0
62 4 2 159 102 227 0
62 5 461 162 488 186 0
63 1 927 2 1240 373 0
63 2 544 168 584 200 0
63 3 2 167 112 248 0
63 5 458 162 485 187 0
64 1 948 2 1240 373 0
64 2 542 169 582 201 0
64 3 2 168 87 252 0
64 5 455 164 482 189 0
65 1 970 2 1240 373 0
65 2 538 172 579 205 0
65 3 2 168 61 257 0
65 5 451 165 479 191 0
66 1 997 2 1240 373 0
66 2 536 175 578 208 0
66 3 2 172 33 266 0
66 5 448 168 476 194 0
67 1 1028 2 1240 373 0
67 2 534 177 576 212 0
67 3 2 177 2 276 0
67 5 445 171 473 197 0
68 1 1064 2 1240 373 0
68 2 532 177 574 211 0
68 5 441 171 471 197 0
69 1 1109 2 1240 373 0
69 2 530 175 573 211 0
69 5 438 170 468 197 0
70 1 1164 2 1240 373 0
70 2 527 174 571 210 0
70 5 435 170 465 197 0
71 2 527 174 571 211 0
71 5 432 169 463 196 0
72 2 526 174 571 211 0
72 5 431 169 463 196 0
73 2 527 176 574 214 0
73 5 432 173 465 200 0
74 2 528 179 576 218 0
74 5 433 174 466 203 0
75 2 533 181 581 220 0
75 5 433 176 468 205 0
76 2 538 182 586 223 0
76 5 438 179 473 208 0
77 2 543 184 592 225 0
77 5 443 182 478 212 0
78 2 549 184 600 226 0
78 5 449 180 484 210 0
79 2 556 181 608 224 0
79 5 455 178 491 208 0
80 2 563 178 616 221 0
80 5 461 176 498 206 0
81 2 571 175 624 220 0
81 5 468 173 504 204 0
82 2 579 173 633 219 0
82 5 474 171 511 202 0
83 2 587 172 641 219 0
83 5 480 168 518 200 0
84 2 594 171 650 219 0
84 5 486 168 524 200 0
85 2 602 170 659 220 0
85 5 491 167 530 200 0
86 2 611 169 669 220 0
86 5 497 166 536 200 0
87 2 618 170 679 222 0
87 5 504 168 543 202 0
88 2 626 171 690 225 0
88 5 511 170 551 204 0
89 2 634 172 701 227 0
89 5 518 170 558 205 0
90 2 642 172 714 230 0
90 5 525 170 566 205 0
91 2 649 173 722 233 0
91 5 527 170 569 207 0
92 2 656 174 732 236 0
92 5 530 171 573 208 0
93 2 664 174 743 239 0
93 5 532 172 576 209 0
94 2 668 177 752 244 0
94 5 535 172 580 211 0
95 2 673 179 762 250 0
95 5 538 173 584 212 0
96 2 679 182 773 256 0
96 5 538 175 587 216 0
97 2 683 183 782 262 0
97 5 539 178 589 219 0
98 2 688 184 792 268 0
98 5 538 179 590 221 0
99 2 693 185 804 274 0
99 5 536 179 590 223 0
100 2 698 187 817 282 0
100 5 534 179 589 224 0
100 6 692 185 752 243 0
100 7 677 180 731 227 0
100 8 663 179 708 217 0
101 2 702 187 831 289 0
101 5 532 179 588 225 0
101 6 697 186 760 247 0
101 7 679 181 736 230 0
101 8 664 179 711 218 0
102 2 707 188 847 296 0
102 5 530 178 588 226 0
102 6 699 186 766 251 0
102 7 681 178 739 229 0
102 8 666 179 714 219 0
103 2 713 188 866 306 0
103 5 527 178 587 228 0
103 6 702 187 772 255 0
103 7 683 179 743 231 0
103 8 667 179 717 220 0
104 2 719 189 887 316 0
104 5 525 178 586 229 0
104 6 705 188 780 259 0
104 7 685 180 748 234 0
104 8 667 180 719 222 0
105 2 725 190 913 329 0
105 5 522 177 585 230 0
105 6 708 189 788 264 0
105 7 686 180 751 237 0
105 8 667 181 721 224 0
106 2 732 191 943 346 0
106 5 516 178 583 232 0
106 6 711 189 797 269 0
106 7 688 181 755 240 0
106 8 667 182 722 226 0
107 2 739 192 979 366 0
107 5 511 178 580 235 0
107 6 715 190 807 275 0
107 7 689 181 759 242 0
107 8 667 182 724 229 0
108 2 748 194 1026 373 0
108 5 505 178 576 237 0
108 6 719 191 819 282 0
108 7 690 181 763 245 0
108 8 667 183 726 232 0
109 2 758 196 1086 373 0
109 5 498 178 573 239 0
109 6 724 193 832 290 0
109 7 691 181 768 248 0
109 8 667 184 728 234 0
110 2 770 199 1168 373 0
110 5 492 179 569 243 0
110 6 729 194 847 299 0
110 7 692 184 773 254 0
110 8 666 185 730 236 0
110 12 648 183 688 216 0
110 14 576 176 603 204 0
111 2 783 202 1240 373 0
111 5 484 180 565 247 0
111 6 734 195 865 309 0
111 7 694 186 779 261 0
111 8 666 185 732 239 0
111 12 647 184 688 218 0
111 14 574 176 602 204 0
112 2 801 206 1240 373 0
112 5 476 181 561 252 0
112 6 740 199 884 325 0
112 7 695 189 786 268 0
112 8 666 187 735 243 0
112 12 646 186 688 220 0
112 14 571 177 599 206 0
113 2 823 210 1240 373 0
113 5 468 185 557 259 0
113 6 747 204 908 343 0
113 7 697 192 793 276 0
113 8 666 190 738 248 0
113 12 645 187 688 222 0
113 14 567 179 596 209 0
114 2 852 216 1240 373 0
114 5 459 188 553 267 0
114 6 754 209 936 365 0
114 7 699 195 801 284 0
114 8 666 194 741 256 0
114 12 644 193 688 231 0
114 14 565 184 594 214 0
115 2 891 224 1240 373 0
115 5 449 192 548 277 0
115 6 763 210 970 373 0
115 7 701 199 810 294 0
115 8 665 198 744 264 0
115 12 642 197 687 235 0
115 14 562 189 592 220 0
116 2 956 232 1240 373 0
116 5 438 188 543 276 0
116 6 772 211 1013 373 0
116 7 703 195 821 295 0
116 8 665 196 747 264 0
116 12 639 192 686 231 0
116 14 559 186 590 218 0
117 2 1058 245 1240 373 0
117 5 425 183 539 275 0
117 6 784 212 1069 373 0
117 7 706 191 833 297 0
117 8 666 190 752 259 0
117 12 639 186 687 225 0
117 14 556 179 587 211 0
118 2 1238 267 1240 373 0
118 5 411 177 533 274 0
118 6 800 210 1147 373 0
118 7 708 186 846 298 0
118 8 667 183 757 254 0
118 12 639 180 689 219 0
118 14 552 171 584 203 0
119 5 397 178 529 280 0
119 6 819 207 1240 373 0
119 7 712 181 862 300 0
119 8 666 179 760 253 0
119 12 638 176 689 217 0
119 14 551 170 584 202 0
120 5 382 180 524 290 0
120 6 844 212 1240 373 0
120 7 715 183 880 312 0
120 8 668 184 768 263 0
120 9 458 188 539 259 0
120 10 485 185 550 235 0
120 11 653 181 722 234 0
120 12 637 181 690 223 0
120 13 529 181 566 212 0
120 14 549 173 582 206 0
120 15 562 175 593 203 0
121 5 363 182 518 301 0
121 6 875 219 1240 373 0
121 7 721 186 904 327 0
121 8 670 189 777 274 0
121 9 449 187 535 261 0
121 10 479 186 547 238 0
121 11 654 184 726 240 0
121 12 636 186 691 230 0
121 13 524 185 563 217 0
121 14 547 177 580 210 0
121 15 560 179 591 208 0
122 5 342 184 512 314 0
122 6 916 228 1240 373 0
122 7 728 188 933 345 0
122 8 671 191 786 281 0
122 9 439 187 530 265 0
122 10 473 188 543 243 0
122 11 654 188 729 247 0
122 12 636 188 693 233 0
122 13 526 188 564 221 0
122 14 544 180 579 215 0
122 15 559 183 591 212 0
123 5 317 186 505 329 0
123 6 972 240 1240 373 0
123 7 736 191 968 367 0
123 8 673 193 796 290 0
123 9 429 188 524 270 0
123 10 465 190 539 247 0
123 11 656 186 734 247 0
123 12 637 189 695 236 0
123 13 523 187 563 221 0
123 14 541 178 576 213 0
123 15 558 182 590 211 0
124 5 290 185 499 340 0
124 6 1059 253 1240 373 0
124 7 746 189 1013 373 0
124 8 677 191 809 294 0
124 9 420 185 520 272 0
124 10 459 188 537 247 0
124 11 658 184 739 247 0
124 12 637 186 698 234 0
124 13 521 184 562 219 0
124 14 540 175 576 211 0
124 15 557 179 590 209 0
125 5 257 182 493 353 0
125 6 1201 274 1240 373 0
125 7 759 187 1072 373 0
125 8 681 189 823 299 0
125 9 409 182 515 273 0
125 10 453 185 534 246 0
125 11 660 182 745 248 0
125 12 638 182 700 232 0
125 13 519 181 560 216 0
125 14 539 172 576 209 0
125 15 556 176 589 206 0
126 5 216 180 485 370 0
126 7 775 188 1152 373 0
126 8 686 187 840 304 0
126 9 398 182 511 278 0
126 10 447 185 532 248 0
126 11 662 180 751 248 0
126 12 641 181 705 231 0
126 13 516 178 559 213 0
126 14 539 169 576 207 0
126 15 555 172 589 203 0
127 5 166 181 476 373 0
127 7 794 188 1240 373 0
127 8 692 188 861 315 0
127 9 386 181 506 284 0
127 10 440 184 529 250 0
127 11 666 180 760 251 0
127 12 643 178 710 231 0
127 13 515 178 560 214 0
127 14 538 169 576 207 0
127 15 556 172 591 203 0
128 5 101 181 466 373 0
128 7 819 189 1240 373 0
128 8 700 189 886 328 0
128 9 371 182 502 294 0
128 10 434 185 528 254 0
128 11 670 179 770 254 0
128 12 646 180 716 234 0
128 13 515 178 560 215 0
128 14 537 169 576 208 0
128 15 557 173 592 205 0
129 5 10 182 454 373 0
129 7 850 189 1240 373 0
129 8 708 189 916 343 0
129 9 353 184 498 306 0
129 10 427 185 526 259 0
129 11 675 179 780 258 0
129 12 649 181 722 237 0
129 13 514 178 560 216 0
129 14 538 170 578 210 0
129 15 558 174 594 206 0
130 5 2 183 439 373 0
130 7 891 190 1240 373 0
130 8 718 190 953 362 0
130 9 332 186 493 319 0
130 10 419 186 525 265 0
130 11 679 180 793 264 0
130 12 652 182 728 241 0
130 13 513 180 561 219 0
130 14 538 171 579 212 0
130 15 560 175 596 208 0
131 5 2 183 421 373 0
131 7 948 191 1240 373 0
131 8 730 191 1000 373 0
131 9 307 188 487 335 0
131 10 410 188 522 272 0
131 11 685 181 806 271 0
131 12 656 183 735 245 0
131 13 513 182 563 223 0
131 14 539 172 581 214 0
131 15 561 175 598 209 0
132 5 2 185 398 373 0
132 7 1031 192 1240 373 0
132 8 741 193 1061 373 0
132 9 277 190 481 355 0
132 10 400 191 520 280 0
132 11 690 182 822 278 0
132 12 660 184 743 249 0
132 13 512 183 563 225 0
132 14 540 173 583 216 0
132 15 562 176 600 210 0
133 5 2 186 367 373 0
133 7 1163 193 1240 373 0
133 8 754 194 1145 373 0
133 9 239 193 474 373 0
133 10 388 191 517 287 0
133 11 696 184 839 287 0
133 12 663 184 751 253 0
133 13 511 184 563 227 0
133 14 541 174 585 218 0
133 15 562 176 601 212 0
134 5 2 189 325 373 0
134 8 771 196 1240 373 0
134 9 188 193 463 373 0
134 10 373 192 513 295 0
134 11 703 185 860 296 0
134 12 666 185 760 257 0
134 13 509 185 563 230 0
134 14 540 174 585 218 0
134 15 563 177 603 213 0
135 5 2 192 263 373 0
135 8 791 199 1240 373 0
135 9 122 194 451 373 0
135 10 356 191 509 303 0
135 11 711 185 882 305 0
135 12 670 185 770 262 0
135 13 507 184 563 230 0
135 14 539 173 585 219 0
135 15 564 176 604 213 0
136 5 2 189 155 373 0
136 8 817 202 1240 373 0
136 9 29 194 436 373 0
136 10 336 191 503 312 0
136 11 720 185 908 316 0
136 12 674 186 781 267 0
136 13 505 183 562 230 0
136 14 538 172 585 219 0
136 15 565 175 606 212 0
137 5 2 185 2 373 0
137 8 853 206 1240 373 0
137 9 2 197 419 373 0
137 10 311 193 498 326 0
137 11 730 184 939 329 0
137 12 678 186 793 273 0
137 13 503 184 562 233 0
137 14 536 171 585 220 0
137 15 564 175 606 213 0
138 8 902 212 1240 373 0
138 9 2 199 396 373 0
138 10 282 195 491 344 0
138 11 740 187 976 349 0
138 12 683 187 807 280 0
138 13 500 184 561 235 0
138 14 535 172 584 222 0
138 15 564 175 607 215 0
139 8 981 218 1240 373 0
139 9 2 202 366 373 0
139 10 242 197 481 364 0
139 11 752 190 1023 373 0
139 12 688 188 822 287 0
139 13 497 185 560 238 0
139 14 533 174 584 225 0
139 15 563 176 608 216 0
140 8 1112 228 1240 373 0
140 9 2 206 326 373 0
140 10 191 199 469 373 0
140 11 766 191 1084 373 0
140 12 693 188 839 296 0
140 13 493 186 560 241 0
140 14 531 175 583 227 0
140 15 563 176 608 217 0
140 17 616 183 653 207 0
141 9 2 212 270 373 0
141 10 127 201 457 373 0
141 11 782 192 1165 373 0
141 12 699 189 859 306 0
141 13 489 185 559 242 0
141 14 530 173 584 228 0
141 15 562 177 609 219 0
141 17 617 184 655 208 0
142 10 38 203 442 373 0
142 11 802 194 1240 373 0
142 12 706 189 883 317 0
142 13 485 185 557 244 0
142 14 529 172 584 228 0
142 15 561 177 609 221 0
142 17 618 182 656 206 0
143 10 2 206 423 373 0
143 11 828 197 1240 373 0
143 12 714 192 911 334 0
143 13 481 187 556 249 0
143 14 527 174 584 232 0
143 15 561 178 610 222 0
143 17 618 184 658 209 0
144 10 2 210 403 373 0
144 11 860 200 1240 373 0
144 12 722 194 945 354 0
144 13 476 190 555 255 0
144 14 523 176 583 236 0
144 15 560 179 610 224 0
144 17 618 187 658 212 0
145 10 2 215 377 373 0
145 11 904 203 1240 373 0
145 12 732 198 987 373 0
145 13 470 192 554 261 0
145 14 519 178 583 241 0
145 15 559 179 611 226 0
145 17 619 190 660 216 0
146 10 2 221 342 373 0
146 11 965 209 1240 373 0
146 12 744 201 1042 373 0
146 13 465 191 553 262 0
146 14 517 176 583 240 0
146 15 558 180 612 229 0
146 17 621 189 662 215 0
147 10 2 230 294 373 0
147 11 1051 216 1240 373 0
147 12 756 202 1115 373 0
147 13 459 189 552 264 0
147 14 514 174 584 240 0
147 15 557 178 612 228 0
147 17 621 185 663 212 0
148 10 2 243 222 373 0
148 11 1189 227 1240 373 0
148 12 772 202 1218 373 0
148 13 452 186 550 265 0
148 14 512 171 584 240 0
148 15 556 176 613 227 0
148 17 622 184 665 211 0
149 12 790 203 1240 373 0
149 13 444 185 548 267 0
149 14 509 168 584 240 0
149 15 555 174 614 227 0
149 17 623 182 666 209 0
150 12 814 204 1240 373 0
150 13 435 183 545 270 0
150 14 505 166 585 241 0
150 15 554 172 615 226 0
150 17 623 180 668 208 0
151 12 844 209 1240 373 0
151 13 425 181 542 273 0
151 14 500 164 585 243 0
151 15 553 169 615 225 0
151 17 624 179 669 207 0
152 12 884 215 1240 373 0
152 13 412 183 539 281 0
152 14 495 165 583 247 0
152 15 551 170 615 228 0
152 17 624 180 670 208 0
153 12 940 224 1240 373 0
153 13 397 184 536 290 0
153 14 489 166 582 252 0
153 15 549 171 615 232 0
153 17 624 181 670 210 0
154 12 1023 235 1240 373 0
154 13 380 186 533 300 0
154 14 481 167 578 257 0
154 15 544 173 613 235 0
154 17 623 182 671 213 0
155 12 1157 252 1240 373 0
155 13 354 186 523 310 0
155 14 472 168 574 264 0
155 15 538 174 611 239 0
155 17 619 184 668 215 0
156 13 324 185 512 321 0
156 14 459 166 567 267 0
156 15 531 176 606 243 0
156 17 615 186 665 218 0
157 13 288 185 500 335 0
157 14 444 163 559 271 0
157 15 521 173 599 244 0
157 17 609 184 659 217 0
158 13 243 185 486 353 0
158 14 425 161 549 276 0
158 15 510 171 591 244 0
158 17 601 182 652 215 0
159 13 186 186 468 373 0
159 14 404 158 538 281 0
159 15 498 170 583 247 0
159 17 593 180 645 214 0
160 13 111 188 447 373 0
160 14 379 155 526 287 0
160 15 485 168 573 249 0
160 17 585 180 637 214 0
160 19 659 180 699 205 0
161 13 9 189 421 373 0
161 14 352 156 514 299 0
161 15 471 167 563 252 0
161 17 576 181 630 216 0
161 19 654 181 694 207 0
162 13 2 192 394 373 0
162 14 319 157 500 314 0
162 15 455 168 555 258 0
162 17 567 182 623 218 0
162 19 648 183 689 208 0
163 13 2 195 360 373 0
163 14 279 158 484 332 0
163 15 438 169 545 265 0
163 17 559 183 617 221 0
163 19 642 184 684 210 0
164 13 2 200 316 373 0
164 14 236 157 470 352 0
164 15 418 171 534 272 0
164 17 551 185 611 223 0
164 19 636 184 678 211 0
165 13 2 206 264 373 0
165 14 181 157 454 373 0
165 15 400 173 526 281 0
165 17 544 185 606 225 0
165 19 630 185 673 212 0
166 13 2 214 193 373 0
166 14 109 156 435 373 0
166 15 381 175 517 290 0
166 17 538 187 603 229 0
166 19 628 187 672 215 0
167 13 2 233 87 373 0
167 14 18 155 415 373 0
167 15 361 177 511 302 0
167 17 532 189 599 233 0
167 19 626 189 671 218 0
168 14 2 154 392 373 0
168 15 338 180 503 315 0
168 17 527 194 597 240 0
168 19 624 191 670 221 0
169 14 2 148 368 373 0
169 15 311 182 495 331 0
169 17 524 194 596 241 0
169 19 622 188 669 219 0
170 14 2 139 339 373 0
170 15 279 176 487 339 0
170 16 405 216 517 270 0
170 17 520 188 595 236 0
170 18 572 186 627 225 0
170 19 620 186 667 216 0
170 20 787 172 825 193 0
171 14 2 120 302 373 0
171 15 240 167 477 349 0
171 16 391 212 511 268 0
171 17 516 182 594 230 0
171 18 569 180 626 219 0
171 19 620 182 668 212 0
171 20 788 165 827 187 0
172 14 2 57 252 373 0
172 15 191 169 466 373 0
172 16 378 216 507 276 0
172 17 512 183 592 233 0
172 18 566 182 627 223 0
172 19 620 181 669 213 0
172 20 791 168 830 189 0
173 14 2 2 183 373 0
173 15 127 171 452 373 0
173 16 364 221 502 286 0
173 17 508 186 591 239 0
173 18 564 185 627 227 0
173 19 619 186 670 219 0
173 20 794 170 833 192 0
174 14 2 2 88 373 0
174 15 48 168 437 373 0
174 16 342 225 494 297 0
174 17 503 190 589 246 0
174 18 562 187 626 231 0
174 19 619 187 671 221 0
174 20 797 172 836 195 0
175 15 2 164 419 373 0
175 16 322 224 486 301 0
175 17 498 187 588 244 0
175 18 561 185 627 229 0
175 19 618 185 671 219 0
175 20 798 167 838 190 0
176 15 2 157 398 373 0
176 16 297 223 478 305 0
176 17 493 184 586 243 0
176 18 559 181 626 226 0
176 19 617 179 671 214 0
176 20 799 162 839 185 0
177 15 2 147 370 373 0
177 16 267 226 468 317 0
177 17 487 180 585 241 0
177 18 556 176 625 223 0
177 19 616 176 671 211 0
177 20 801 163 841 186 0
178 15 2 127 339 373 0
178 16 230 230 456 332 0
178 17 480 182 582 246 0
178 18 553 179 624 227 0
178 19 615 178 672 215 0
178 20 802 163 843 187 0
179 15 2 70 297 373 0
179 16 185 235 441 351 0
179 17 472 183 579 251 0
179 18 549 180 623 230 0
179 19 614 180 672 218 0
179 20 803 164 845 188 0
180 15 2 2 241 373 0
180 16 127 241 423 373 0
180 17 462 185 575 257 0
180 18 545 181 622 233 0
180 19 613 183 672 222 0
180 20 803 164 845 189 0
181 15 2 2 160 373 0
181 16 52 248 401 373 0
181 17 452 186 572 264 0
181 18 540 182 621 237 0
181 19 611 182 671 222 0
181 20 804 165 846 190 0
182 16 2 256 375 373 0
182 17 439 185 567 266 0
182 18 534 181 619 238 0
182 19 608 180 670 222 0
182 20 804 165 847 191 0
183 16 2 267 342 373 0
183 17 425 183 562 269 0
183 18 528 179 616 239 0
183 19 605 179 669 222 0
183 20 803 163 846 188 0
184 16 2 280 299 373 0
184 17 409 186 556 279 0
184 18 519 181 612 243 0
184 19 599 182 667 227 0
184 20 802 167 846 193 0
185 16 2 298 241 373 0
185 17 390 189 549 291 0
185 18 510 184 608 250 0
185 19 594 184 664 231 0
185 20 801 170 845 197 0
186 17 367 189 540 299 0
186 18 500 187 603 257 0
186 19 587 187 662 236 0
186 20 799 172 843 199 0
187 17 339 189 529 308 0
187 18 488 185 595 259 0
187 19 581 185 657 235 0
187 20 797 168 841 195 0
188 17 306 188 517 319 0
188 18 474 184 587 261 0
188 19 573 182 652 234 0
188 20 794 164 838 192 0
189 17 263 191 502 338 0
189 18 459 182 579 264 0
189 19 564 181 646 235 0
189 20 790 163 834 191 0
190 17 210 194 484 361 0
190 18 442 188 569 276 0
190 19 553 186 638 244 0
190 20 784 167 829 196 0
190 25 826 164 858 185 0
191 17 146 200 465 373 0
191 18 422 194 558 289 0
191 19 541 192 630 253 0
191 20 778 173 823 203 0
191 25 819 170 852 192 0
192 17 61 206 442 373 0
192 18 399 198 545 302 0
192 19 528 198 622 264 0
192 20 771 180 817 210 0
192 25 813 176 845 198 0
193 17 2 206 418 373 0
193 18 371 195 531 306 0
193 19 514 196 613 264 0
193 20 764 176 810 206 0
193 25 805 173 838 195 0
194 17 2 206 387 373 0
194 18 342 193 517 314 0
194 19 499 193 603 264 0
194 20 756 172 802 202 0
194 25 798 170 830 193 0
195 17 2 209 352 373 0
195 18 307 192 500 322 0
195 19 482 190 593 264 0
195 20 748 169 795 200 0
195 25 790 167 822 190 0
196 17 2 214 306 373 0
196 18 264 189 481 332 0
196 19 464 190 582 269 0
196 20 740 166 787 197 0
196 25 782 166 814 189 0
197 17 2 220 246 373 0
197 18 214 193 461 355 0
197 19 444 190 569 274 0
197 20 732 166 779 198 0
197 25 774 164 806 188 0
198 17 2 228 163 373 0
198 18 151 198 437 373 0
198 19 422 195 556 287 0
198 20 724 172 772 205 0
198 25 765 170 798 193 0
199 18 68 203 409 373 0
199 19 396 201 542 301 0
199 20 716 178 764 211 0
199 25 757 175 790 199 0
200 18 2 202 380 373 0
200 19 368 202 527 310 0
200 20 707 177 756 211 0
200 21 474 200 533 237 0
200 24 887 166 1024 207 0
200 25 749 176 782 200 0
201 18 2 202 344 373 0
201 19 337 197 511 312 0
201 20 699 170 748 205 0
201 21 460 193 520 230 0
201 24 884 163 1024 206 0
201 25 741 168 774 193 0
202 18 2 201 300 373 0
202 19 301 191 494 314 0
202 20 690 162 739 198 0
202 21 445 186 507 223 0
202 24 880 161 1023 205 0
202 25 733 160 766 185 0
203 18 2 201 244 373 0
203 19 260 192 476 328 0
203 20 681 162 731 198 0
203 21 429 185 492 223 0
203 24 876 161 1024 206 0
203 25 724 161 758 186 0
204 18 2 208 173 373 0
204 19 206 196 454 351 0
204 20 672 165 723 201 0
204 21 414 187 479 227 0
204 24 872 161 1024 208 0
204 25 716 161 750 187 0
205 18 2 218 75 373 0
205 19 139 201 428 373 0
205 20 664 165 715 202 0
205 21 399 190 466 230 0
205 24 869 162 1025 209 0
205 25 707 162 742 188 0
206 19 57 205 402 373 0
206 20 655 165 708 203 0
206 21 382 192 451 234 0
206 24 866 163 1027 211 0
206 25 698 162 733 189 0
207 19 2 210 370 373 0
207 20 646 165 700 204 0
207 21 364 195 436 239 0
207 24 863 164 1030 214 0
207 25 689 163 724 190 0
208 19 2 216 331 373 0
208 20 636 168 691 208 0
208 21 346 198 419 243 0
208 24 860 165 1033 216 0
208 25 681 163 716 191 0
209 19 2 224 281 373 0
209 20 626 171 683 213 0
209 21 326 202 402 250 0
209 24 857 166 1035 219 0
209 25 672 164 708 192 0
210 19 2 234 215 373 0
210 20 617 172 675 215 0
210 21 305 206 384 256 0
210 22 216 207 320 266 0
210 23 944 166 1159 234 0
210 24 855 164 1041 220 0
210 25 663 164 699 192 0
211 19 2 240 135 373 0
211 20 608 169 667 213 0
211 21 285 205 367 256 0
211 22 187 206 296 268 0
211 23 949 162 1176 232 0
211 24 854 162 1046 220 0
211 25 653 164 690 193 0
212 19 2 248 21 373 0
212 20 597 166 658 211 0
212 21 263 203 348 256 0
212 22 154 205 269 270 0
212 23 955 156 1193 231 0
212 24 854 160 1055 220 0
212 25 644 165 681 194 0
213 20 588 167 650 213 0
213 21 240 205 328 261 0
213 22 120 208 242 277 0
213 23 962 156 1215 234 0
213 24 855 157 1064 220 0
213 25 636 163 674 193 0
214 20 579 167 642 215 0
214 21 216 208 308 266 0
214 22 81 211 211 285 0
214 23 971 155 1239 238 0
214 24 857 158 1076 224 0
214 25 628 162 667 193 0
215 20 569 168 635 218 0
215 21 190 211 286 273 0
215 22 38 214 176 294 0
215 23 982 153 1240 241 0
215 24 859 158 1089 227 0
215 25 620 160 660 192 0
216 20 558 164 628 215 0
216 21 162 208 263 273 0
216 22 2 214 140 299 0
216 23 995 150 1240 243 0
216 24 863 154 1107 227 0
216 25 612 159 652 191 0
217 20 546 159 621 213 0
217 21 131 206 237 272 0
217 22 2 210 98 301 0
217 23 1009 146 1240 247 0
217 24 868 150 1126 227 0
217 25 603 157 644 190 0
218 20 539 159 614 214 0
218 21 101 207 212 278 0
218 22 2 214 52 314 0
218 23 1032 144 1240 253 0
218 24 874 146 1147 227 0
218 25 598 158 638 192 0
219 20 530 163 607 221 0
219 21 68 216 186 292 0
219 22 2 219 2 330 0
219 23 1057 141 1240 260 0
219 24 883 146 1176 233 0
219 25 591 161 633 196 0
220 20 522 167 601 226 0
220 21 32 226 156 307 0
220 23 1087 138 1240 268 0
220 24 894 146 1208 239 0
220 25 585 165 627 200 0
220 26 633 162 655 179 0
221 20 512 170 595 233 0
221 21 2 233 124 321 0
221 23 1122 134 1240 278 0
221 24 906 146 1240 246 0
221 25 577 168 621 205 0
221 26 628 166 650 183 0
222 20 502 168 589 233 0
222 21 2 241 89 336 0
222 23 1164 130 1240 291 0
222 24 921 140 1240 249 0
222 25 571 168 616 206 0
222 26 623 164 645 182 0
223 20 491 165 583 233 0
223 21 2 240 52 342 0
223 23 1220 120 1240 305 0
223 24 939 133 1240 252 0
223 25 565 164 611 203 0
223 26 618 163 640 181 0
224 20 479 162 576 234 0
224 21 2 240 7 350 0
224 24 964 129 1240 260 0
224 25 558 160 605 200 0
224 26 613 158 636 176 0
225 20 466 155 569 231 0
225 24 994 124 1240 270 0
225 25 551 156 600 197 0
225 26 608 155 631 173 0
226 20 451 159 562 239 0
226 24 1030 118 1240 284 0
226 25 543 159 595 202 0
226 26 602 159 626 178 0
227 20 437 165 555 250 0
227 24 1077 117 1240 308 0
227 25 535 165 590 209 0
227 26 597 165 621 184 0
228 20 421 168 548 259 0
228 24 1138 116 1240 342 0
228 25 526 172 584 218 0
228 26 591 171 616 190 0
229 20 402 172 540 270 0
229 24 1218 115 1240 373 0
229 25 518 173 579 221 0
229 26 588 172 613 192 0
230 20 384 175 533 279 0
230 25 513 173 576 223 0
230 26 585 173 610 193 0
230 40 970 124 1231 237 0
231 20 364 177 527 291 0
231 25 506 178 572 229 0
231 26 581 178 607 198 0
231 40 996 122 1240 245 0
232 20 340 180 519 304 0
232 25 498 182 568 236 0
232 26 578 182 604 202 0
232 40 1023 119 1240 255 0
233 20 311 183 510 320 0
233 25 492 184 564 241 0
233 26 574 185 601 206 0
233 40 1054 116 1240 267 0
234 20 276 186 500 340 0
234 25 484 187 560 247 0
234 26 572 187 599 209 0
234 40 1091 112 1240 283 0
235 20 235 186 490 358 0
235 25 476 189 556 253 0
235 26 569 189 597 211 0
235 40 1145 97 1240 293 0
236 20 182 186 477 373 0
236 25 466 188 551 255 0
236 26 566 187 595 210 0
236 40 1211 77 1240 306 0
237 20 112 187 463 373 0
237 25 456 187 546 257 0
237 26 564 186 592 209 0
238 20 15 187 446 373 0
238 25 444 186 541 260 0
238 26 561 184 590 208 0
239 20 2 187 425 373 0
239 25 432 183 536 260 0
239 26 558 183 588 207 0
240 20 2 187 403 373 0
240 25 419 182 530 265 0
240 26 555 181 586 205 0
241 20 2 187 376 373 0
241 25 404 182 525 270 0
241 26 553 179 584 204 0
242 20 2 187 342 373 0
242 25 387 181 519 275 0
242 26 550 177 582 202 0
243 20 2 187 295 373 0
243 25 369 180 513 281 0
243 26 547 175 580 201 0
244 20 2 187 229 373 0
244 25 348 182 506 293 0
244 26 544 175 579 201 0
245 20 2 199 137 373 0
245 25 323 185 499 307 0
245 26 542 181 577 208 0
246 25 289 196 489 337 0
246 26 540 192 576 221 0
247 25 251 198 479 357 0
247 26 538 198 575 228 0
248 25 203 201 468 373 0
248 26 535 197 573 227 0
249 25 142 199 455 373 0
249 26 533 193 572 224 0
250 25 61 197 440 373 0
250 26 530 189 570 221 0
251 25 2 194 421 373 0
251 26 527 185 569 217 0
252 25 2 190 398 373 0
252 26 524 182 567 215 0
253 25 2 195 369 373 0
253 26 521 180 566 213 0
254 25 2 201 331 373 0
254 26 519 186 565 221 0
255 25 2 211 278 373 0
255 26 516 191 563 228 0
256 25 2 224 200 373 0
256 26 514 193 563 231 0
257 26 510 189 561 227 0
258 26 506 184 559 223 0
259 26 503 182 558 223 0
260 26 499 184 556 226 0
260 27 569 166 589 186 0
261 26 495 185 555 229 0
261 27 569 166 589 187 0
262 26 490 188 553 235 0
262 27 568 169 589 190 0
263 26 485 192 550 241 0
263 27 568 172 588 193 0
264 26 480 195 548 247 0
264 27 567 175 588 197 0
265 26 474 193 545 247 0
265 27 568 172 589 194 0
266 26 468 187 543 242 0
266 27 567 168 588 190 0
267 26 461 180 540 237 0
267 27 566 158 588 181 0
268 26 454 178 537 238 0
268 27 565 156 587 179 0
269 26 444 188 533 253 0
269 27 564 164 586 188 0
270 26 433 201 529 274 0
270 27 563 178 586 201 0
271 26 422 204 525 283 0
271 27 561 182 585 206 0
272 26 408 198 520 281 0
272 27 560 174 584 199 0
273 26 393 192 515 278 0
273 27 559 166 583 191 0
274 26 375 193 509 286 0
274 27 557 167 582 192 0
275 26 355 194 503 296 0
275 27 556 167 581 193 0
276 26 332 195 496 307 0
276 27 554 172 580 198 0
277 26 304 197 488 321 0
277 27 553 168 579 194 0
278 26 268 194 478 331 0
278 27 551 160 578 187 0
279 26 222 191 467 344 0
279 27 550 157 577 185 0
280 26 165 194 454 373 0
280 27 549 160 576 187 0
281 26 92 197 440 373 0
281 27 547 161 575 189 0
282 26 2 200 423 373 0
282 27 545 162 574 191 0
283 26 2 204 402 373 0
283 27 543 164 572 193 0
284 26 2 209 375 373 0
284 27 541 165 571 195 0
285 26 2 216 341 373 0
285 27 539 167 570 197 0
286 26 2 224 295 373 0
286 27 538 169 569 200 0
287 26 2 237 231 373 0
287 27 536 170 568 202 0
288 27 535 172 567 205 0
289 27 533 172 566 205 0
290 27 531 172 565 206 0
290 29 558 174 577 192 0
291 27 530 170 565 205 0
291 29 557 173 577 192 0
292 27 528 169 564 204 0
292 29 557 172 577 191 0
293 27 526 167 563 203 0
293 29 556 171 576 190 0
294 27 525 166 563 203 0
294 29 556 170 576 189 0
295 27 523 168 562 206 0
295 29 555 172 576 192 0
296 27 521 176 561 215 0
296 29 555 180 576 200 0
297 27 519 183 560 223 0
297 29 554 186 575 206 0
298 27 518 179 560 219 0
298 29 553 181 575 201 0
299 27 515 170 559 212 0
299 29 552 175 575 196 0
300 27 513 167 558 210 0
300 29 552 172 574 194 0
301 27 511 171 557 215 0
301 29 551 174 574 196 0
302 27 509 173 556 218 0
302 29 550 176 573 199 0
303 27 506 169 555 215 0
303 29 549 175 573 198 0
304 27 503 169 554 217 0
304 29 548 174 573 197 0
305 27 500 174 553 224 0
305 29 548 180 573 203 0
306 27 497 181 552 232 0
306 29 548 185 572 209 0
307 27 494 180 551 233 0
307 29 547 186 572 210 0
308 27 490 177 549 232 0
308 29 546 181 572 206 0
309 27 486 171 548 227 0
309 29 546 176 572 200 0
310 27 482 170 546 228 0
310 29 544 178 571 203 0
311 27 478 172 545 232 0
311 29 543 180 570 205 0
312 27 474 176 543 238 0
312 29 541 183 569 209 0
313 27 469 175 541 239 0
313 29 540 180 568 207 0
314 27 464 170 539 237 0
314 29 538 177 567 204 0
315 27 458 170 537 239 0
315 29 536 178 566 205 0
316 27 452 176 535 248 0
316 29 535 183 565 211 0
317 27 446 180 533 255 0
317 29 533 188 564 217 0
318 27 438 183 530 262 0
318 29 531 189 562 218 0
319 27 430 183 527 265 0
319 29 529 190 561 220 0
320 27 421 180 524 265 0
320 29 527 187 560 218 0
321 27 412 175 521 265 0
321 29 526 184 559 216 0
322 27 400 170 518 265 0
322 29 525 180 559 211 0
323 27 388 165 514 266 0
323 29 524 176 559 208 0
324 27 374 159 509 266 0
324 29 522 174 557 207 0
325 27 358 166 504 281 0
325 29 520 178 556 211 0
326 27 342 170 500 293 0
326 29 519 184 556 219 0
327 27 324 177 494 309 0
327 29 518 191 556 227 0
328 27 302 178 488 320 0
328 29 516 191 555 229 0
329 27 274 169 481 324 0
329 29 513 185 554 222 0
330 27 240 160 473 332 0
330 28 418 188 512 254 0
330 29 511 178 553 216 0
330 30 540 182 568 207 0
330 33 563 176 594 195 0
331 27 198 152 463 344 0
331 28 408 184 508 253 0
331 29 510 174 553 213 0
331 30 539 176 567 202 0
331 33 563 172 594 192 0
332 27 145 152 452 370 0
332 28 397 188 504 261 0
332 29 508 177 552 217 0
332 30 539 181 568 207 0
332 33 563 176 595 196 0
333 27 78 154 440 373 0
333 28 386 191 500 270 0
333 29 506 182 551 224 0
333 30 538 185 568 212 0
333 33 563 180 595 201 0
334 27 2 161 425 373 0
334 28 372 197 496 283 0
334 29 504 187 551 231 0
334 30 538 189 568 217 0
334 33 563 184 596 205 0
335 27 2 163 408 373 0
335 28 356 202 490 296 0
335 29 500 192 549 237 0
335 30 537 193 568 222 0
335 33 562 189 596 210 0
336 27 2 157 387 373 0
336 28 337 206 484 309 0
336 29 498 193 548 240 0
336 30 536 196 568 226 0
336 33 562 192 596 214 0
337 27 2 155 360 373 0
337 28 314 206 477 318 0
337 29 495 194 548 243 0
337 30 534 194 567 224 0
337 33 561 192 596 215 0
338 27 2 128 326 373 0
338 28 288 204 469 324 0
338 29 491 189 546 239 0
338 30 533 191 566 222 0
338 33 561 185 597 207 0
339 27 2 9 281 373 0
339 28 257 198 460 327 0
339 29 487 181 544 231 0
339 30 532 182 566 213 0
339 33 560 177 597 200 0
340 27 2 2 218 373 0
340 28 218 194 449 336 0
340 29 483 169 542 221 0
340 30 531 173 566 204 0
340 33 560 168 597 191 0
341 28 169 195 436 357 0
341 29 478 170 541 224 0
341 30 527 172 564 204 0
341 33 559 168 597 191 0
342 28 105 203 420 373 0
342 29 474 179 539 236 0
342 30 526 179 563 212 0
342 33 558 175 597 199 0
343 28 22 215 402 373 0
343 29 468 187 537 247 0
343 30 524 186 563 221 0
343 33 558 184 597 209 0
344 28 2 219 380 373 0
344 29 463 191 535 255 0
344 30 523 193 562 230 0
344 33 557 189 597 215 0
345 28 2 217 353 373 0
345 29 457 186 532 252 0
345 30 520 189 561 226 0
345 33 556 184 597 209 0
346 28 2 219 318 373 0
346 29 449 180 529 247 0
346 30 517 188 559 226 0
346 33 555 177 596 203 0
347 28 2 226 274 373 0
347 29 441 178 525 249 0
347 30 514 187 558 226 0
347 33 553 175 596 202 0
348 28 2 237 213 373 0
348 29 432 180 521 254 0
348 30 511 186 556 226 0
348 33 551 177 595 204 0
349 28 2 245 127 373 0
349 29 422 181 517 259 0
349 30 508 185 554 227 0
349 33 549 178 594 206 0
350 29 410 182 512 266 0
350 30 504 185 552 228 0
350 33 547 180 593 208 0
351 29 398 182 507 271 0
351 30 499 186 550 231 0
351 33 545 179 591 208 0
352 29 384 180 501 274 0
352 30 494 184 547 230 0
352 33 543 177 590 206 0
353 29 368 179 495 279 0
353 30 489 181 544 228 0
353 33 540 175 589 204 0
354 29 350 179 488 287 0
354 30 484 181 542 230 0
354 33 538 175 587 206 0
355 29 329 176 480 292 0
355 30 479 181 539 232 0
355 33 535 174 586 205 0
356 29 304 177 471 304 0
356 30 472 180 535 234 0
356 33 533 174 584 206 0
357 29 275 179 461 317 0
357 30 465 182 532 238 0
357 33 529 176 582 209 0
358 29 239 182 450 336 0
358 30 458 188 528 247 0
358 33 526 181 580 215 0
359 29 195 187 436 361 0
359 30 449 191 524 253 0
359 33 523 185 578 221 0
360 29 140 189 421 373 0
360 30 440 192 519 259 0
360 33 519 185 576 222 1
360 41 699 183 727 239 0
361 29 67 190 403 373 0
361 30 430 194 514 265 0
361 33 515 185 574 223 1
361 41 701 183 730 242 0
362 29 2 191 382 373 0
362 30 419 193 508 266 0
362 33 511 186 571 225 1
362 41 704 184 735 246 0
363 29 2 193 358 373 0
363 30 406 191 502 268 0
363 33 506 183 568 223 1
363 41 706 185 740 251 0
364 29 2 197 327 373 0
364 30 393 193 495 275 0
364 33 502 181 565 221 1
364 41 710 184 746 254 0
365 29 2 202 289 373 0
365 30 379 192 489 279 0
365 33 498 181 563 223 1
365 41 714 183 753 257 0
366 29 2 211 242 373 0
366 30 364 197 484 291 0
366 33 493 183 560 227 1
366 41 719 185 762 264 0
367 29 2 216 180 373 0
367 30 347 198 477 299 0
367 33 489 184 558 229 1
367 41 726 184 772 269 0
368 29 2 212 93 373 0
368 30 328 194 470 302 0
368 33 485 181 556 227 1
368 41 733 182 785 274 0
369 30 305 196 462 312 0
369 33 481 180 554 228 1
369 41 744 185 801 285 0
370 30 278 200 452 327 0
370 31 400 191 498 264 0
370 33 478 182 554 232 1
370 41 755 188 821 298 0
371 30 246 203 442 344 0
371 31 390 195 494 273 0
371 33 474 186 553 238 1
371 41 768 187 843 308 0
372 30 207 207 430 365 0
372 31 378 192 489 273 0
372 33 470 183 551 237 1
372 41 782 186 869 320 0
373 30 166 202 418 373 0
373 31 366 190 485 275 0
373 33 466 181 550 237 1
373 41 799 185 902 336 0
374 30 114 205 403 373 0
374 31 353 191 480 282 0
374 33 461 182 548 241 1
374 41 821 188 946 361 0
375 30 47 208 386 373 0
375 31 339 196 475 294 0
375 33 457 185 547 246 1
375 41 848 193 1002 373 0
376 30 2 214 367 373 0
376 31 322 195 470 299 0
376 33 453 186 546 250 1
376 41 878 196 1074 373 0
377 30 2 210 345 373 0
377 31 303 197 464 309 0
377 33 448 185 545 252 1
377 41 917 199 1177 373 0
378 30 2 213 320 373 0
378 31 283 192 457 310 0
378 33 441 181 542 250 1
378 41 969 198 1240 373 0
379 30 2 212 288 373 0
379 31 259 191 449 319 0
379 33 434 177 539 249 1
379 41 1042 198 1240 373 0
380 30 2 215 248 373 0
380 31 231 191 440 328 0
380 33 427 179 536 254 1
380 41 1150 196 1240 373 0
381 30 2 228 196 373 0
381 31 198 192 431 343 0
381 33 418 180 534 260 1
382 31 158 201 419 371 0
382 33 409 185 531 270 1
383 31 112 205 407 373 0
383 33 399 188 528 280 1
384 31 55 204 393 373 0
384 33 389 188 524 284 1
385 31 2 205 376 373 0
385 33 377 184 521 285 1
386 31 2 200 360 373 0
386 33 363 181 517 287 1
387 31 2 199 340 373 0
387 33 350 178 513 290 1
388 31 2 199 317 373 0
388 33 335 182 510 303 1
389 31 2 202 289 373 0
389 33 317 185 505 316 1
390 31 2 206 254 373 0
390 32 2 199 226 314 0
390 33 297 182 501 321 1
390 35 479 174 502 195 0
391 31 2 209 211 373 0
391 32 2 194 209 317 0
391 33 274 180 496 330 1
391 35 480 174 503 195 0
392 31 2 210 159 373 0
392 32 2 200 186 333 0
392 33 246 187 491 355 1
392 35 481 175 504 196 0
393 31 2 235 92 373 0
393 32 2 206 161 350 0
393 33 216 185 487 368 1
393 35 482 180 505 201 0
394 32 2 220 136 373 0
394 33 179 194 482 373 1
394 35 483 184 506 206 0
395 32 2 231 108 373 0
395 33 134 200 477 373 1
395 35 486 189 509 212 0
396 32 2 232 75 373 0
396 33 81 200 471 373 1
396 35 488 190 512 212 0
397 32 2 234 39 373 0
397 33 15 205 465 373 1
397 35 491 187 515 210 0
398 32 2 243 2 373 0
398 33 2 200 459 373 1
398 35 495 185 519 207 0
399 33 2 204 451 373 1
399 35 498 182 522 205 0
400 33 2 202 442 373 0
400 34 233 190 428 346 0
400 35 500 182 524 205 0
401 33 2 206 428 373 0
401 34 212 191 423 358 0
401 35 502 182 526 205 0
402 33 2 206 412 373 0
402 34 189 187 417 364 0
402 35 504 181 529 205 0
403 33 2 220 390 373 0
403 34 161 189 410 373 0
403 35 506 181 531 205 0
404 33 2 220 362 373 0
404 34 121 189 400 373 0
404 35 508 181 533 205 0
405 33 2 234 324 373 0
405 34 72 194 388 373 0
405 35 510 182 535 206 0
406 34 12 195 374 373 0
406 35 512 183 537 207 0
407 34 2 196 359 373 0
407 35 513 184 539 209 0
408 34 2 191 343 373 0
408 35 515 182 541 207 0
409 34 2 189 324 373 0
409 35 517 181 543 205 0
410 34 2 194 302 373 0
410 35 519 180 545 206 1
411 34 2 201 275 373 0
411 35 521 180 547 206 1
412 34 2 200 243 373 0
412 35 523 180 549 206 1
413 34 2 201 203 373 0
413 35 525 179 551 206 1
414 34 2 198 153 373 0
414 35 527 179 554 206 1
415 34 2 207 87 373 0
415 35 529 180 557 207 1
416 34 2 210 2 373 0
416 35 532 182 559 209 1
417 35 534 183 562 211 1
418 35 537 184 565 212 1
419 35 540 186 568 214 1
420 35 540 186 569 215 0
421 35 541 186 570 216 0
422 35 541 187 571 216 0
423 35 542 187 571 217 0
424 35 542 187 572 218 0
425 35 542 187 572 219 0
426 35 541 187 572 219 0
427 35 540 187 572 219 0
428 35 539 188 570 221 0
429 35 537 189 569 222 0
430 35 534 186 567 220 1
430 37 504 187 530 205 0
431 35 533 184 566 218 1
431 37 502 185 530 204 0
432 35 529 182 563 216 1
432 37 500 183 528 202 0
433 35 525 179 560 214 1
433 37 497 181 526 201 0
434 35 520 179 555 215 1
434 37 493 181 524 202 0
435 35 516 180 552 217 1
435 37 489 181 521 203 0
436 35 512 178 548 215 1
436 37 485 182 519 204 0
437 35 507 180 544 218 1
437 37 481 184 515 207 0
438 35 502 184 540 224 1
438 37 478 186 512 210 0
439 35 497 187 536 227 1
439 37 474 188 509 213 0
440 35 491 187 531 228 1
440 37 470 188 505 213 0
441 35 485 184 526 226 1
441 37 466 188 502 214 0
442 35 478 182 520 225 1
442 37 463 185 499 210 0
443 35 474 179 516 223 1
443 37 459 181 496 207 0
444 35 469 176 513 221 1
444 37 456 181 493 207 0
445 35 464 178 509 224 1
445 37 452 181 489 208 0
446 35 459 179 505 227 1
446 37 448 181 486 208 0
447 35 454 176 502 225 1
447 37 447 178 485 205 0
448 35 450 171 499 221 1
448 37 445 175 485 202 0
449 35 445 171 496 222 1
449 37 446 177 486 205 0
450 35 442 174 494 227 1
450 37 447 180 487 208 1
451 35 438 180 493 235 1
451 37 447 182 489 212 1
452 35 434 183 491 240 1
452 37 446 184 488 215 1
453 35 431 182 490 241 1
453 37 444 187 486 218 1
454 35 426 179 488 240 1
454 37 442 184 485 216 1
455 35 422 180 487 243 1
455 37 441 182 484 214 1
456 35 417 176 485 241 1
456 37 439 180 483 212 1
457 35 412 177 483 244 1
457 37 437 178 482 212 1
458 35 406 176 482 246 1
458 37 436 177 481 211 1
459 35 400 175 480 248 1
459 37 434 176 480 211 1
460 35 394 171 478 247 1
460 37 433 175 479 211 1
461 35 387 169 475 248 1
461 37 431 174 478 210 1
462 35 380 169 474 252 1
462 37 431 175 479 212 1
463 35 372 168 473 255 1
463 37 432 175 479 214 1
464 35 363 169 471 261 1
464 37 432 176 480 215 1
465 35 354 174 470 271 1
465 37 432 177 481 217 1
466 35 344 173 468 276 1
466 37 432 178 482 219 1
467 35 332 169 466 278 1
467 37 433 180 483 223 1
468 35 318 171 464 288 1
468 37 433 182 484 226 1
469 35 302 176 461 301 1
469 37 433 184 486 229 1
470 35 284 178 458 313 0
470 37 433 185 487 233 1
471 35 262 180 454 327 0
471 37 433 187 488 237 1
472 35 232 177 447 338 0
472 37 429 185 487 236 1
473 35 196 170 440 349 0
473 37 425 182 487 235 1
474 35 152 171 432 370 0
474 37 419 179 486 233 1
475 35 91 171 420 373 0
475 37 415 181 485 238 1
476 35 11 172 405 373 0
476 37 409 183 484 243 1
477 35 2 181 388 373 0
477 37 402 185 482 249 1
478 35 2 173 369 373 0
478 37 395 187 481 255 1
479 35 2 167 345 373 0
479 37 387 188 479 260 1
480 35 2 181 316 373 0
480 36 353 187 388 214 0
480 37 377 188 477 265 1
481 35 2 184 277 373 0
481 36 352 187 387 214 0
481 37 367 189 474 270 1
482 35 2 193 226 373 0
482 36 351 188 386 215 0
482 37 356 189 472 276 1
483 35 2 187 155 373 0
483 36 350 188 385 216 0
483 37 344 190 470 283 1
484 35 2 2 47 373 0
484 36 349 189 385 217 0
484 37 329 190 467 291 1
485 36 348 189 384 218 0
485 37 313 191 464 300 1
486 36 349 190 385 220 0
486 37 293 192 460 310 1
487 36 349 191 386 221 0
487 37 270 193 456 322 1
488 36 350 192 387 223 0
488 37 242 194 451 336 1
489 36 351 193 388 224 0
489 37 208 195 446 354 1
490 36 352 194 389 226 0
490 37 165 196 440 373 1
491 36 355 194 393 226 0
491 37 114 197 433 373 1
492 36 359 194 397 227 0
492 37 47 198 425 373 1
493 36 362 194 401 227 0
493 37 2 200 416 373 1
494 36 366 194 404 228 0
494 37 2 202 405 373 1
495 36 370 194 409 228 0
495 37 2 204 392 373 1
496 36 375 194 413 229 0
496 37 2 207 374 373 1
497 36 379 194 418 230 0
497 37 2 210 353 373 1
498 36 384 194 424 231 0
498 37 2 215 325 373 1
499 36 390 192 429 230 0
499 37 2 220 288 373 1
500 36 395 190 435 228 0
500 37 2 228 236 373 0
501 36 400 191 441 230 0
501 37 2 241 151 373 0
502 36 406 192 447 232 0
502 37 2 261 7 373 0
503 36 411 193 453 233 0
504 36 417 191 460 232 0
505 36 423 188 466 230 0
506 36 429 186 474 228 0
507 36 433 185 479 228 0
508 36 438 185 486 228 0
509 36 443 184 493 229 0
510 36 447 185 497 232 0
511 36 450 187 501 235 0
512 36 451 188 503 237 0
513 36 452 189 505 239 0
514 36 453 190 507 242 0
515 36 453 189 509 242 0
516 36 453 187 510 242 0
517 36 453 187 512 243 0
518 36 454 186 514 244 0
519 36 454 186 516 245 0
520 36 453 188 517 250 0
520 38 477 189 528 233 0
521 36 452 191 519 255 0
521 38 479 191 531 236 0
522 36 451 194 520 261 0
522 38 479 193 532 239 0
523 36 448 196 520 266 0
523 38 479 195 534 243 0
524 36 445 198 520 271 0
524 38 479 197 535 247 0
525 36 439 194 517 270 0
525 38 476 194 535 245 0
526 36 433 191 515 270 0
526 38 473 191 534 243 0
527 36 427 188 512 269 0
527 38 471 190 534 243 0
528 36 420 187 511 272 0
528 38 468 189 533 243 0
529 36 413 186 509 275 0
529 38 465 187 533 243 0
530 36 405 186 507 279 0
530 38 462 186 532 243 0
531 36 396 185 505 283 0
531 38 459 184 532 244 0
532 36 386 184 502 288 0
532 38 456 184 532 245 0
533 36 375 183 500 293 0
533 38 453 184 532 247 0
534 36 362 182 497 300 0
534 38 450 183 532 249 0
535 36 348 181 494 306 0
535 38 446 183 532 252 0
536 36 331 179 490 314 0
536 38 443 183 532 254 0
537 36 310 179 487 326 0
537 38 438 182 532 257 0
538 36 285 179 483 340 0
538 38 434 182 532 260 0
539 36 255 178 479 356 0
539 38 428 181 531 263 0
540 36 219 178 471 373 0
540 38 421 181 530 267 0
541 36 174 177 462 373 0
541 38 414 180 529 270 0
542 36 117 177 451 373 0
542 38 404 180 528 275 0
543 36 43 176 439 373 0
543 38 393 180 526 281 0
544 36 2 175 425 373 0
544 38 381 180 523 287 0
545 36 2 173 409 373 0
545 38 369 180 521 293 0
546 36 2 170 390 373 0
546 38 355 180 519 301 0
547 36 2 166 366 373 0
547 38 340 180 517 309 0
548 36 2 171 343 373 0
548 38 322 181 514 318 0
549 36 2 181 313 373 0
549 38 301 181 511 329 0
550 36 2 185 276 373 0
550 38 277 181 508 341 0
551 36 2 190 228 373 0
551 38 259 181 507 352 0
552 36 2 188 170 373 0
552 38 235 181 504 365 0
553 36 2 185 89 373 0
553 38 206 181 502 373 0
554 38 178 181 498 373 0
555 38 144 181 493 373 0
556 38 104 182 488 373 0
557 38 59 182 484 373 0
558 38 11 183 482 373 0
559 38 2 183 480 373 0
560 38 2 184 474 373 0
561 38 2 185 467 373 0
562 38 2 186 466 373 0
563 38 2 187 464 373 0
564 38 2 188 463 373 0
565 38 2 190 461 373 0
566 38 2 191 459 373 0
567 38 2 193 455 373 0
568 38 2 194 451 373 0
569 38 2 196 446 373 0
570 38 2 198 441 373 0
570 39 336 208 439 361 0
571 38 2 199 435 373 0
571 39 329 210 436 368 0
572 38 2 200 429 373 0
572 39 321 209 432 371 0
573 38 2 202 422 373 0
573 39 313 208 427 373 0
574 38 2 203 414 373 0
574 39 304 207 423 373 0
575 38 2 204 406 373 0
575 39 295 207 418 373 0
576 38 2 206 397 373 0
576 39 283 211 412 373 0
577 38 2 207 387 373 0
577 39 270 216 405 373 0
578 38 2 209 376 373 0
578 39 256 220 399 373 0
579 38 2 211 365 373 0
579 39 238 221 390 373 0
580 38 2 213 339 373 0
580 39 219 222 381 373 0
581 38 2 217 308 373 0
581 39 197 224 371 373 0
582 38 2 220 271 373 0
582 39 168 225 359 373 0
583 38 2 223 227 373 0
583 39 135 227 346 373 0
584 38 2 227 171 373 0
584 39 97 230 331 373 0
585 38 2 231 98 373 0
585 39 47 231 312 373 0
586 39 2 233 291 373 0
587 39 2 235 266 373 0
588 39 2 238 241 373 0
589 39 2 241 209 373 0
590 39 2 244 171 373 0
591 39 2 248 124 373 0
