0 1 2 166 135 250 0
0 2 902 170 1238 328 0
1 1 2 157 65 247 0
1 2 865 172 1194 333 0
2 1 2 166 2 263 0
2 2 827 173 1149 336 0
3 2 788 169 1105 334 0
4 2 749 165 1060 334 0
5 2 708 165 1017 338 0
6 2 665 163 975 341 0
7 2 618 164 931 348 0
8 2 577 168 893 359 0
9 2 532 171 855 370 0
10 2 486 168 817 373 0
10 3 763 173 983 307 0
10 5 967 180 1110 262 0
10 6 1149 173 1235 219 0
10 7 1240 188 1240 267 0
11 2 437 175 782 373 0
11 3 726 171 946 307 0
11 5 925 180 1063 261 0
11 6 1097 175 1176 219 0
11 7 1240 189 1240 266 0
12 2 383 172 745 373 0
12 3 688 174 906 314 0
12 5 886 181 1018 262 0
12 6 1048 175 1123 219 0
12 7 1233 190 1240 264 0
13 2 325 172 709 373 0
13 3 647 175 868 318 0
13 5 846 181 974 262 0
13 6 1002 176 1072 219 0
13 7 1178 191 1240 262 0
14 2 255 178 668 373 0
14 3 607 178 830 328 0
14 5 808 182 933 262 0
14 6 957 177 1024 218 0
14 7 1126 191 1210 261 0
15 2 173 177 626 373 0
15 3 564 179 793 333 0
15 5 770 182 893 263 0
15 6 914 177 977 218 0
15 7 1077 190 1157 257 0
16 2 76 184 582 373 0
16 3 520 178 755 337 0
16 5 730 181 851 262 0
16 6 870 176 930 216 0
16 7 1029 188 1105 254 0
17 2 2 181 536 373 0
17 3 473 179 718 346 0
17 5 695 179 815 261 0
17 6 832 174 888 214 0
17 7 989 186 1062 250 0
18 2 2 183 490 373 0
18 3 427 180 685 354 0
18 5 659 178 778 260 0
18 6 797 172 850 211 0
18 7 950 184 1020 247 0
19 2 2 182 445 373 0
19 3 381 178 653 360 0
19 5 629 177 750 260 0
19 6 768 169 818 209 0
19 7 917 181 988 243 0
20 2 2 192 402 373 0
20 3 334 178 624 372 0
20 4 937 197 1240 373 0
20 5 597 176 720 261 0
20 6 741 168 792 208 0
20 7 884 178 956 240 0
21 2 2 182 359 373 0
21 3 282 174 596 373 0
21 4 927 198 1240 373 0
21 5 571 175 698 262 0
21 6 713 167 765 207 0
21 7 859 177 931 239 0
22 2 2 186 306 373 0
22 3 233 178 571 373 0
22 4 917 200 1240 373 0
22 5 542 174 674 264 0
22 6 689 166 741 206 0
22 7 837 176 908 238 0
23 2 2 184 252 373 0
23 3 177 179 546 373 0
23 4 906 202 1240 373 0
23 5 521 175 655 267 0
23 6 671 166 723 207 0
23 7 818 175 889 238 0
24 2 2 193 185 373 0
24 3 117 180 523 373 0
24 4 892 204 1240 373 0
24 5 498 175 636 271 0
24 6 652 167 705 207 0
24 7 800 174 872 237 0
25 2 2 195 99 373 0
25 3 41 181 497 373 0
25 4 888 204 1240 373 0
25 5 475 176 619 275 0
25 6 634 167 687 207 0
25 7 786 175 859 239 0
26 2 2 212 2 373 0
26 3 2 176 467 373 0
26 4 883 204 1240 373 0
26 5 451 176 601 279 0
26 6 619 168 672 209 0
26 7 771 176 845 241 0
27 4 885 207 1240 373 0
27 5 424 177 582 284 0
27 6 604 169 657 211 0
27 7 758 177 833 244 0
28 4 888 210 1240 373 0
28 5 402 179 568 291 0
28 6 588 171 641 213 0
28 7 745 179 820 247 0
29 4 892 213 1240 373 0
29 5 378 181 553 299 0
29 6 575 172 630 215 0
29 7 735 179 813 248 0
30 4 896 218 1240 373 0
30 5 351 183 537 308 0
30 6 562 173 618 217 0
30 7 724 178 805 249 0
30 8 650 175 659 205 1
30 9 720 187 779 236 0
31 4 917 220 1240 373 0
31 5 325 185 523 318 0
31 6 548 174 606 219 0
31 7 718 179 799 252 0
31 8 640 174 650 205 1
31 9 708 188 768 239 0
32 4 943 222 1240 373 0
32 5 296 187 508 329 0
32 6 540 174 598 219 0
32 7 713 180 795 255 0
32 8 632 174 642 205 1
32 9 703 188 764 239 0
33 4 978 225 1240 373 0
33 5 264 187 496 341 0
33 6 531 174 591 220 0
33 7 706 179 793 256 0
33 8 623 173 633 206 1
33 9 697 187 760 240 0
34 4 1023 229 1240 373 0
34 5 227 188 483 355 0
34 6 522 173 583 221 0
34 7 700 177 791 257 0
34 8 616 174 627 208 1
34 9 691 186 756 240 0
35 4 1103 235 1240 373 0
35 5 182 189 469 372 0
35 6 512 173 575 221 0
35 7 694 176 788 259 0
35 8 608 175 619 210 1
35 9 684 186 751 241 0
36 5 133 190 455 373 0
36 6 502 172 566 222 0
36 7 692 175 790 261 0
36 8 603 173 615 209 1
36 9 678 185 747 242 0
37 5 73 191 440 373 0
37 6 497 172 563 222 0
37 7 691 174 793 264 0
37 8 599 171 611 208 1
37 9 677 184 748 242 0
38 5 2 192 423 373 0
38 6 491 171 559 222 0
38 7 690 173 795 266 0
38 8 594 168 606 207 1
38 9 677 183 749 243 0
39 5 2 191 407 373 0
39 6 486 170 554 223 0
39 7 692 173 803 270 0
39 8 592 169 605 209 1
39 9 676 183 751 244 0
40 5 2 190 388 373 0
40 6 481 169 553 223 0
40 7 693 173 811 275 0
40 8 591 168 604 209 1
40 9 676 182 752 245 0
40 10 521 176 569 210 0
40 11 632 173 657 196 0
40 43 228 168 425 234 0
41 5 2 188 370 373 0
41 6 476 168 552 223 0
41 7 696 173 822 280 0
41 8 589 167 603 210 1
41 9 678 182 758 248 0
41 10 520 176 568 210 0
41 11 632 173 658 196 0
41 43 216 167 420 236 0
42 5 2 193 350 373 0
42 6 476 168 550 225 0
42 7 699 173 832 285 0
42 8 588 167 603 212 1
42 9 681 183 763 251 0
42 10 518 176 568 211 0
42 11 632 173 658 196 0
42 43 204 167 414 237 0
43 5 2 191 326 373 0
43 6 474 169 549 227 0
43 7 701 172 844 291 0
43 8 587 168 602 215 1
43 9 683 183 770 254 0
43 10 516 176 567 211 0
43 11 632 173 659 196 0
43 43 191 166 409 239 0
44 5 2 193 299 373 0
44 6 472 169 548 229 0
44 7 707 173 858 298 0
44 8 585 168 601 217 1
44 9 686 184 777 258 0
44 10 514 176 566 212 0
44 11 632 173 660 197 0
44 43 177 166 403 241 0
45 5 2 196 267 373 0
45 6 470 170 547 231 0
45 7 712 174 875 307 0
45 8 585 169 602 220 1
45 9 689 185 784 262 0
45 10 514 177 566 213 0
45 11 634 174 661 198 0
45 43 163 165 397 243 0
46 5 2 200 226 373 0
46 6 468 170 546 233 0
46 7 719 175 893 317 0
46 8 585 170 602 224 1
46 9 692 186 792 266 0
46 10 513 178 567 215 0
46 11 635 175 663 200 0
46 43 147 164 390 245 0
47 5 2 204 174 373 0
47 6 465 171 545 236 0
47 7 726 176 914 328 0
47 8 583 169 602 226 1
47 9 695 186 801 271 0
47 10 512 179 567 217 0
47 11 637 176 665 201 0
47 43 130 164 383 247 0
48 5 2 210 104 373 0
48 6 463 172 544 238 0
48 7 734 177 938 341 0
48 8 581 170 601 230 1
48 9 698 187 811 276 0
48 10 511 180 567 218 0
48 11 638 177 667 202 0
48 43 112 164 376 251 0
49 6 458 171 543 240 0
49 7 742 179 967 356 0
49 8 580 171 600 235 1
49 9 702 188 821 281 0
49 10 511 181 568 220 0
49 11 639 177 669 202 0
49 43 93 165 368 256 0
50 6 456 171 543 242 0
50 7 752 181 1000 373 0
50 8 576 169 599 237 1
50 9 706 189 833 287 0
50 10 509 181 568 221 0
50 11 640 177 670 203 0
50 43 72 166 360 260 0
51 6 452 171 543 244 0
51 7 763 182 1040 373 0
51 8 573 168 597 240 1
51 9 711 189 846 292 0
51 10 508 181 569 222 0
51 11 641 177 672 203 0
51 43 50 167 351 265 0
52 6 448 171 541 246 0
52 7 776 184 1089 373 0
52 8 570 173 596 250 1
52 9 715 190 860 299 0
52 10 507 181 570 223 0
52 11 642 178 673 204 0
52 43 26 168 342 270 0
53 6 443 171 539 249 0
53 7 788 184 1147 373 0
53 8 564 172 592 255 1
53 9 720 190 877 307 0
53 10 505 181 568 224 0
53 11 643 177 675 204 0
53 43 2 169 332 276 0
54 6 438 171 537 252 0
54 7 803 184 1222 373 0
54 8 557 171 588 261 1
54 9 726 191 895 315 0
54 10 502 182 567 225 0
54 11 644 177 676 204 0
54 43 2 170 320 283 0
55 6 432 172 535 255 0
55 7 820 184 1240 373 0
55 8 548 166 582 265 1
55 9 732 191 916 325 0
55 10 500 182 566 227 0
55 11 644 177 677 204 0
55 43 2 167 305 286 0
56 6 426 172 532 258 0
56 7 840 185 1240 373 0
56 8 540 170 578 279 1
56 9 737 193 937 336 0
56 10 497 182 564 228 0
56 11 644 176 676 204 0
56 43 2 168 288 295 0
57 6 416 172 528 262 0
57 7 865 185 1240 373 0
57 8 525 170 568 291 1
57 9 743 194 961 350 0
57 10 493 182 562 229 0
57 11 643 176 676 204 0
57 43 2 167 270 302 0
58 6 406 172 523 266 0
58 7 896 186 1240 373 0
58 8 507 170 556 306 1
58 9 749 196 990 366 0
58 10 489 183 561 231 0
58 11 641 177 675 205 0
58 43 2 162 249 307 0
59 6 394 172 518 270 0
59 7 936 186 1240 373 0
59 8 479 159 538 314 1
59 9 755 197 1024 373 0
59 10 483 183 557 233 0
59 11 639 178 673 207 0
59 43 2 165 226 320 0
60 6 382 173 512 275 0
60 8 447 168 519 350 1
60 9 763 199 1065 373 0
60 10 478 183 553 234 0
60 11 636 179 672 208 0
60 12 559 170 589 194 0
60 43 2 165 200 333 0
61 6 368 173 506 280 0
61 8 402 164 494 373 1
61 9 765 202 1114 373 0
61 10 472 183 549 236 0
61 11 635 179 670 208 0
61 12 554 171 585 196 0
61 43 2 172 170 354 0
62 6 356 172 503 285 0
62 8 346 159 466 373 1
62 9 778 204 1187 373 0
62 10 466 183 546 237 0
62 11 633 178 668 208 0
62 12 553 171 583 196 0
62 43 2 170 136 370 0
63 6 343 172 499 290 0
63 8 255 151 425 373 1
63 9 793 204 1240 373 0
63 10 460 183 542 239 0
63 11 633 177 669 208 0
63 12 550 169 582 194 0
63 43 2 163 97 373 0
64 6 329 171 496 296 0
64 8 88 136 359 373 1
64 9 807 208 1240 373 0
64 10 456 184 541 241 0
64 11 633 176 671 207 0
64 12 552 167 584 193 0
65 6 313 170 491 303 0
65 8 2 98 237 373 1
65 9 833 213 1240 373 0
65 10 453 184 541 243 0
65 11 634 175 673 207 0
65 12 553 168 585 193 0
66 6 295 169 487 310 0
66 8 2 2 2 373 1
66 9 859 221 1240 373 0
66 10 449 184 540 246 0
66 11 634 175 676 208 0
66 12 553 168 586 194 0
67 6 274 168 482 319 0
67 9 893 225 1240 373 0
67 10 444 184 539 248 0
67 11 636 176 678 209 0
67 12 553 169 585 195 0
68 6 250 167 477 329 0
68 9 936 228 1240 373 0
68 10 438 185 537 251 0
68 11 637 176 679 210 0
68 12 554 169 585 195 0
69 6 223 165 471 340 0
69 9 994 241 1240 373 0
69 10 431 185 535 254 0
69 11 639 177 681 211 0
69 12 553 169 584 196 0
70 6 182 159 461 353 0
70 10 423 185 531 257 0
70 11 638 178 681 212 0
70 12 552 170 583 197 0
71 6 135 159 452 373 0
71 10 413 185 527 261 0
71 11 637 179 681 214 0
71 12 550 170 581 197 0
72 6 74 159 440 373 0
72 10 402 186 523 266 0
72 11 636 180 681 216 0
72 12 547 170 580 198 0
73 6 2 158 426 373 0
73 10 389 187 518 271 0
73 11 635 181 682 217 0
73 12 545 171 578 199 0
74 6 2 157 411 373 0
74 10 375 188 513 276 0
74 11 634 181 682 219 0
74 12 542 171 577 199 0
75 6 2 157 396 373 0
75 10 360 188 507 283 0
75 11 633 182 682 221 0
75 12 540 172 575 201 0
76 6 2 154 370 373 0
76 10 342 190 502 291 0
76 11 633 183 683 223 0
76 12 538 174 573 203 0
77 6 2 151 342 373 0
77 10 322 192 495 301 0
77 11 632 186 683 227 0
77 12 536 175 572 205 0
78 6 2 136 303 373 0
78 10 298 193 488 312 0
78 11 632 186 684 229 0
78 12 533 177 570 207 0
79 6 2 66 255 373 0
79 10 266 195 479 326 0
79 11 632 186 685 230 0
79 12 531 176 568 207 0
80 6 2 2 178 373 0
80 10 227 196 469 343 0
80 11 631 185 687 230 0
80 12 528 176 567 207 0
80 13 626 174 654 205 0
81 6 2 2 69 373 0
81 10 178 198 457 364 0
81 11 631 183 688 230 0
81 12 526 175 565 207 0
81 13 625 174 654 205 0
82 6 2 2 2 373 0
82 10 117 200 444 373 0
82 11 631 183 691 231 0
82 12 523 174 564 207 0
82 13 625 173 654 205 0
83 6 2 2 2 373 0
83 10 51 202 433 373 0
83 11 632 182 694 233 0
83 12 520 174 562 207 0
83 13 625 172 655 204 0
84 6 2 2 2 373 0
84 10 2 205 415 373 0
84 11 634 182 699 234 0
84 12 519 173 563 207 0
84 13 626 171 656 204 0
85 10 2 208 393 373 0
85 11 636 181 704 236 0
85 12 518 172 564 207 0
85 13 629 171 660 205 0
86 10 2 214 362 373 0
86 11 639 180 711 237 0
86 12 520 173 565 208 0
86 13 632 171 664 206 0
87 10 2 214 331 373 0
87 11 643 179 718 238 0
87 12 521 173 566 209 0
87 13 635 171 668 207 0
88 10 2 221 281 373 0
88 11 647 177 726 239 0
88 12 522 169 570 206 0
88 13 639 169 673 205 0
89 10 2 227 210 373 0
89 11 653 177 737 242 0
89 12 525 167 573 205 0
89 13 643 166 679 203 0
90 11 660 177 750 246 0
90 12 527 167 577 206 0
90 13 648 163 684 201 0
90 42 415 176 518 211 0
90 44 971 152 1240 275 0
91 11 668 177 764 250 0
91 12 530 167 580 207 0
91 13 653 165 693 205 0
91 42 415 176 520 212 0
91 44 1004 152 1240 286 0
92 11 677 177 779 255 0
92 12 532 166 584 208 0
92 13 659 168 702 208 0
92 42 414 176 522 213 0
92 44 1044 151 1240 300 0
93 11 686 177 797 261 0
93 12 535 166 587 209 0
93 13 665 167 709 208 0
93 42 413 176 525 214 0
93 44 1091 150 1240 318 0
94 11 694 179 814 268 0
94 12 538 165 591 209 0
94 13 670 166 716 209 0
94 42 412 175 527 214 0
94 44 1148 149 1240 341 0
95 11 703 180 834 276 0
95 12 541 165 595 210 0
95 13 677 165 723 209 0
95 42 411 175 530 215 0
95 44 1219 148 1240 370 0
96 11 713 181 857 286 0
96 12 541 165 597 211 0
96 13 683 164 731 210 0
96 42 408 175 530 217 0
97 11 725 182 885 298 0
97 12 542 165 600 213 0
97 13 688 166 738 212 0
97 42 404 175 530 218 0
98 11 738 184 918 312 0
98 12 543 165 603 214 0
98 13 693 167 746 216 0
98 42 400 175 531 219 0
99 11 748 185 956 328 0
99 12 544 165 605 216 0
99 13 698 169 754 219 0
99 42 395 175 531 221 0
100 11 763 186 1007 348 0
100 12 545 165 609 218 0
100 13 702 167 759 219 0
100 14 589 174 628 205 0
100 42 390 175 531 223 0
101 11 772 188 1059 373 0
101 12 543 165 609 219 0
101 13 706 166 765 220 0
101 14 591 173 631 205 0
101 42 382 174 529 224 0
102 11 788 189 1138 373 0
102 12 540 164 608 220 0
102 13 709 167 770 223 0
102 14 589 173 630 206 0
102 42 373 173 526 225 0
103 11 807 192 1240 373 0
103 12 537 163 608 222 0
103 13 713 168 776 226 0
103 14 588 173 630 207 0
103 42 359 173 520 227 0
104 11 832 195 1240 373 0
104 12 529 164 603 225 0
104 13 712 169 777 229 0
104 14 582 175 625 210 0
104 42 344 173 512 230 0
105 11 857 198 1240 373 0
105 12 521 166 597 229 0
105 13 710 170 778 233 0
105 14 576 178 621 213 0
105 42 328 173 505 233 0
106 11 889 203 1240 373 0
106 12 512 167 591 234 0
106 13 709 172 779 237 0
106 14 569 177 615 214 0
106 42 309 173 495 236 0
107 11 934 210 1240 373 0
107 12 503 166 586 235 0
107 13 707 173 780 241 0
107 14 561 177 608 215 0
107 42 288 173 485 239 0
108 11 995 219 1240 373 0
108 12 494 165 580 237 0
108 13 705 171 783 242 0
108 14 555 177 604 216 0
108 42 260 173 470 243 0
109 11 1100 233 1240 373 0
109 12 484 164 574 240 0
109 13 704 171 787 245 0
109 14 548 176 599 217 0
109 42 238 173 462 247 0
110 12 472 162 568 242 0
110 13 702 170 791 248 0
110 14 541 175 594 218 0
110 15 558 166 602 208 0
110 16 571 167 619 200 0
110 17 607 168 650 192 1
110 42 208 173 448 252 0
111 12 460 161 561 245 0
111 13 702 168 797 251 0
111 14 535 175 590 218 0
111 15 551 165 597 209 0
111 16 566 166 615 200 0
111 17 605 168 649 192 1
111 42 174 173 433 257 0
112 12 446 159 554 248 0
112 13 700 167 803 255 0
112 14 529 175 586 220 0
112 15 546 164 593 210 0
112 16 561 166 611 202 0
112 17 603 167 648 191 1
112 42 136 173 416 263 0
113 12 430 157 546 251 0
113 13 702 167 812 260 0
113 14 522 176 581 223 0
113 15 541 164 590 211 0
113 16 556 167 607 203 0
113 17 600 167 646 191 1
113 42 90 173 396 270 0
114 12 415 154 539 254 0
114 13 701 166 819 265 0
114 14 514 176 576 225 0
114 15 535 164 586 212 0
114 16 552 166 604 204 0
114 17 601 167 648 192 1
114 42 37 172 374 279 0
115 12 402 154 535 262 0
115 13 706 165 835 271 0
115 14 508 176 572 227 0
115 15 529 163 582 213 0
115 16 548 166 602 204 0
115 17 602 167 650 193 1
115 42 2 173 355 289 0
116 12 385 151 529 267 0
116 13 708 164 847 278 0
116 14 501 176 568 229 0
116 15 525 163 579 214 0
116 16 543 166 599 205 0
116 17 603 168 652 194 1
116 42 2 174 334 302 0
117 12 364 150 522 275 0
117 13 712 163 865 287 0
117 14 493 176 564 232 0
117 15 520 162 576 216 0
117 16 539 165 596 206 0
117 17 605 167 655 193 1
117 42 2 175 308 318 0
118 12 341 148 514 285 0
118 13 716 161 884 296 0
118 14 487 175 560 233 0
118 15 515 162 573 217 0
118 16 534 165 593 206 0
118 17 607 166 657 193 1
118 42 2 176 278 338 0
119 12 312 143 505 293 0
119 13 722 161 909 309 0
119 14 479 173 557 234 0
119 15 510 162 570 219 0
119 16 530 165 590 208 0
119 17 609 165 660 193 1
119 42 2 177 240 364 0
120 12 275 145 494 311 0
120 13 729 160 941 325 0
120 14 471 176 553 240 0
120 15 504 162 567 221 0
120 16 526 165 588 209 0
120 17 612 167 664 195 1
120 42 2 179 193 373 0
121 12 238 142 485 327 0
121 13 738 159 980 345 0
121 14 463 179 549 247 0
121 15 499 162 565 224 0
121 16 522 166 585 211 0
121 17 616 169 668 197 1
121 42 2 182 133 373 0
122 12 188 142 473 352 0
122 13 747 159 1029 370 0
122 14 453 182 544 254 0
122 15 494 163 562 228 0
122 16 519 168 584 215 0
122 17 620 171 671 200 1
123 12 122 141 460 373 0
123 13 758 157 1096 373 0
123 14 442 182 540 259 0
123 15 488 165 559 232 0
123 16 516 171 584 220 0
123 17 624 173 675 202 1
124 12 33 136 444 373 0
124 13 772 151 1190 373 0
124 14 430 182 536 264 0
124 15 482 166 557 236 0
124 16 512 171 581 221 0
124 17 629 173 679 202 1
125 12 2 126 423 373 0
125 13 791 148 1240 373 0
125 14 416 182 531 271 0
125 15 476 167 553 241 0
125 16 508 170 579 222 0
125 17 633 172 683 202 1
126 12 2 114 400 373 0
126 13 811 131 1240 373 0
126 14 400 183 525 278 0
126 15 466 167 549 244 0
126 16 502 169 576 224 0
126 17 637 171 686 201 1
127 12 2 87 369 373 0
127 13 840 100 1240 373 0
127 14 379 183 518 286 0
127 15 454 166 542 248 0
127 16 496 168 573 225 0
127 17 640 171 689 201 1
128 12 2 44 328 373 0
128 13 879 63 1240 373 0
128 14 354 183 509 296 0
128 15 443 166 537 252 0
128 16 487 170 568 229 0
128 17 641 171 689 202 1
129 12 2 2 273 373 0
129 13 935 2 1240 373 0
129 14 325 186 499 311 0
129 15 428 166 529 257 0
129 16 477 172 563 233 0
129 17 642 172 690 203 1
130 12 2 2 192 373 0
130 13 1023 2 1240 373 0
130 14 288 188 488 329 0
130 15 412 165 522 262 0
130 16 466 171 557 236 0
130 17 644 172 691 204 1
131 12 2 2 45 373 0
131 13 1181 2 1240 373 0
131 14 244 189 475 348 0
131 15 394 165 514 268 0
131 16 455 171 551 239 0
131 17 644 173 691 205 1
132 14 183 187 458 368 0
132 15 375 163 505 273 0
132 16 442 168 544 239 0
132 17 645 168 691 200 1
133 14 113 184 440 373 0
133 15 353 160 494 279 0
133 16 427 164 536 239 0
133 17 645 163 691 195 1
134 14 11 183 419 373 0
134 15 328 156 483 285 0
134 16 411 160 527 239 0
134 17 646 161 691 194 1
135 14 2 186 395 373 0
135 15 297 153 469 293 0
135 16 396 161 520 245 0
135 17 647 164 692 196 1
136 14 2 196 365 373 0
136 15 261 148 455 303 0
136 16 379 162 512 251 0
136 17 647 166 692 199 1
137 14 2 192 330 373 0
137 15 217 149 439 321 0
137 16 360 164 503 259 0
137 17 648 169 692 202 1
138 14 2 191 283 373 0
138 15 163 150 421 344 0
138 16 338 165 494 267 0
138 17 650 170 693 203 1
139 14 2 199 222 373 0
139 15 101 149 405 370 0
139 16 317 167 486 277 0
139 17 652 171 694 205 1
140 14 2 211 163 373 0
140 15 18 147 386 373 0
140 16 292 170 477 288 0
140 17 654 170 695 204 1
140 18 619 168 653 188 0
141 14 2 229 47 373 0
141 15 2 145 362 373 0
141 16 262 172 467 301 0
141 17 656 168 696 202 1
141 18 617 168 652 189 0
142 15 2 142 336 373 0
142 16 222 166 454 308 0
142 17 658 166 697 201 1
142 18 615 168 651 189 0
143 15 2 137 302 373 0
143 16 181 179 443 336 0
143 17 660 166 699 201 1
143 18 614 167 650 189 0
144 15 2 128 259 373 0
144 16 130 182 430 359 0
144 17 662 166 700 201 1
144 18 612 167 649 189 0
145 15 2 104 203 373 0
145 16 65 180 415 373 0
145 17 663 166 702 201 1
145 18 610 167 648 189 0
146 15 2 2 131 373 0
146 16 2 181 397 373 0
146 17 665 163 705 198 1
146 18 610 163 648 185 0
147 15 2 2 16 373 0
147 16 2 183 378 373 0
147 17 668 159 707 195 1
147 18 609 162 647 185 0
148 16 2 186 349 373 0
148 17 670 162 709 198 1
148 18 608 166 647 189 0
149 16 2 195 322 373 0
149 17 671 166 710 202 1
149 18 606 169 647 193 0
150 16 2 195 284 373 0
150 17 673 169 712 206 1
150 18 606 173 646 197 0
151 16 2 198 234 373 0
151 17 674 170 713 207 1
151 18 602 171 644 196 0
152 16 2 201 169 373 0
152 17 674 169 713 206 1
152 18 599 169 641 195 0
153 16 2 203 70 373 0
153 17 672 169 711 206 1
153 18 595 171 637 197 0
154 17 671 168 710 206 1
154 18 591 172 633 199 0
155 17 668 168 707 206 1
155 18 585 172 629 199 0
156 17 664 169 702 207 1
156 18 578 172 624 200 0
157 17 660 170 699 209 1
157 18 571 174 618 202 0
158 17 656 172 695 210 1
158 18 563 176 611 205 0
159 17 652 173 691 211 1
159 18 554 178 604 208 0
160 17 648 171 686 210 1
160 18 548 176 598 207 0
161 17 643 169 682 208 1
161 18 541 175 593 206 0
162 17 639 167 678 206 1
162 18 533 173 587 206 0
163 17 636 168 675 207 1
163 18 527 174 582 207 0
164 17 632 169 671 208 1
164 18 521 174 577 209 0
165 17 630 173 669 213 1
165 18 515 180 573 215 0
166 17 627 178 666 217 1
166 18 509 185 569 222 0
167 17 625 176 664 216 1
167 18 503 184 565 222 0
168 17 623 175 662 214 1
168 18 498 182 561 221 0
169 17 621 174 660 214 1
169 18 491 181 557 221 0
170 17 619 174 659 213 1
170 18 485 179 553 220 0
170 19 524 177 565 211 0
170 20 546 173 579 196 0
171 17 618 173 657 213 1
171 18 479 180 550 223 0
171 19 520 176 562 210 0
171 20 543 174 576 197 0
172 17 616 173 656 213 1
172 18 473 181 547 225 0
172 19 515 176 559 211 0
172 20 539 174 574 198 0
173 17 615 173 655 213 1
173 18 467 182 543 228 0
173 19 511 176 556 212 0
173 20 537 174 572 198 0
174 17 614 174 654 214 1
174 18 460 183 539 231 0
174 19 506 176 553 213 0
174 20 534 173 570 198 0
175 17 613 175 653 215 1
175 18 452 184 535 234 0
175 19 501 178 550 216 0
175 20 531 175 568 201 0
176 17 612 176 651 216 1
176 18 444 185 530 238 0
176 19 496 180 546 220 0
176 20 528 178 565 203 0
177 17 610 176 650 217 1
177 18 435 186 525 241 0
177 19 491 181 544 222 0
177 20 525 178 563 205 0
178 17 609 176 650 216 1
178 18 426 186 521 244 0
178 19 486 182 541 225 0
178 20 521 179 561 207 0
179 17 608 175 649 216 1
179 18 415 186 516 248 0
179 19 480 183 537 228 0
179 20 518 179 559 207 0
180 17 608 175 648 216 1
180 18 404 187 511 251 0
180 19 474 182 534 228 0
180 20 515 179 557 208 0
180 21 543 173 571 194 0
181 17 607 174 647 215 1
181 18 391 187 506 256 0
181 19 467 180 530 228 0
181 20 511 178 554 207 0
181 21 541 172 569 194 0
182 17 606 175 647 216 1
182 18 376 187 500 260 0
182 19 460 181 527 230 0
182 20 507 177 552 207 0
182 21 539 171 568 194 0
183 17 606 175 647 216 1
183 18 360 188 494 267 0
183 19 452 181 523 234 0
183 20 503 178 549 209 0
183 21 536 171 566 193 0
184 17 605 175 646 216 1
184 18 341 189 487 274 0
184 19 444 182 519 237 0
184 20 498 179 546 211 0
184 21 534 172 564 196 0
185 17 605 175 646 217 1
185 18 319 191 479 283 0
185 19 435 182 514 240 0
185 20 495 179 545 212 0
185 21 532 174 563 198 0
186 17 604 176 646 217 1
186 18 295 192 471 292 0
186 19 425 182 509 243 0
186 20 491 180 543 214 0
186 21 529 175 560 199 0
187 17 603 176 645 218 1
187 18 266 193 462 302 0
187 19 414 182 504 247 0
187 20 487 180 541 216 0
187 21 527 174 559 198 0
188 17 603 176 645 218 1
188 18 231 194 451 315 0
188 19 402 183 498 251 0
188 20 482 180 538 217 0
188 21 524 173 557 199 0
189 17 602 173 645 216 1
189 18 188 195 439 331 0
189 19 387 184 491 257 0
189 20 478 180 535 218 0
189 21 521 173 556 199 0
190 17 603 174 646 217 1
190 18 135 197 425 351 0
190 19 371 184 484 263 0
190 20 470 179 531 219 0
190 21 519 173 554 199 0
191 17 603 174 647 218 1
191 18 65 199 408 373 0
191 19 353 185 476 270 0
191 20 465 180 528 221 0
191 21 517 173 553 200 0
192 17 604 175 647 218 1
192 18 2 201 388 373 0
192 19 331 186 467 278 0
192 20 459 181 525 223 0
192 21 515 173 551 201 0
193 17 604 175 648 219 1
193 18 2 203 364 373 0
193 19 307 187 458 286 0
193 20 453 182 522 226 0
193 21 512 173 550 201 0
194 17 604 174 649 219 1
194 18 2 207 334 373 0
194 19 280 187 449 297 0
194 20 446 182 519 229 0
194 21 510 173 548 202 0
195 17 604 173 650 218 1
195 18 2 211 295 373 0
195 19 245 188 437 309 0
195 20 438 183 515 232 0
195 21 506 173 546 203 0
196 17 605 172 650 218 1
196 18 2 216 244 373 0
196 19 204 189 424 324 0
196 20 429 183 510 234 0
196 21 501 173 543 203 0
197 17 605 171 651 217 1
197 18 2 224 173 373 0
197 19 154 190 409 344 0
197 20 420 182 505 236 0
197 21 496 172 540 204 0
198 17 605 170 652 217 1
198 18 2 235 69 373 0
198 19 85 192 390 370 0
198 20 409 182 499 238 0
198 21 493 173 539 206 0
199 17 607 171 655 219 1
199 19 2 195 369 373 0
199 20 400 184 496 243 0
199 21 490 175 538 208 0
200 17 609 172 658 221 1
200 19 2 197 343 373 0
200 20 390 186 491 249 0
200 21 488 176 538 210 0
201 17 612 173 661 223 1
201 19 2 201 313 373 0
201 20 379 188 487 256 0
201 21 486 177 537 212 0
202 17 615 172 665 222 1
202 19 2 204 283 373 0
202 20 368 189 483 261 0
202 21 484 178 537 214 0
203 17 618 171 669 222 1
203 19 2 207 242 373 0
203 20 356 190 479 266 0
203 21 482 177 537 214 0
204 17 622 170 674 221 1
204 19 2 212 186 373 0
204 20 342 191 474 272 0
204 21 480 176 537 214 0
205 17 626 168 678 221 1
205 19 2 219 115 373 0
205 20 325 192 469 280 0
205 21 477 174 537 214 0
206 17 628 168 681 222 1
206 19 2 228 9 373 0
206 20 307 193 464 288 0
206 21 474 175 537 216 0
207 17 630 169 685 223 1
207 20 285 194 457 298 0
207 21 472 176 537 218 0
208 17 633 169 689 225 1
208 20 256 195 449 309 0
208 21 469 177 537 221 0
209 17 635 169 692 226 1
209 20 221 196 440 322 0
209 21 465 178 537 224 0
210 17 637 169 696 227 1
210 20 181 198 430 338 0
210 21 462 179 536 227 0
211 17 640 170 700 229 1
211 20 131 200 418 357 0
211 21 457 180 535 229 0
212 17 643 170 706 231 1
212 20 68 202 404 373 0
212 21 452 180 533 231 0
213 17 644 170 709 233 1
213 20 2 204 387 373 0
213 21 446 180 531 234 0
214 17 645 171 712 235 1
214 20 2 207 368 373 0
214 21 441 181 530 236 0
215 17 647 171 715 237 1
215 20 2 211 344 373 0
215 21 434 181 527 240 0
216 17 649 172 720 240 1
216 20 2 215 314 373 0
216 21 428 182 526 243 0
217 17 652 172 725 242 1
217 20 2 221 277 373 0
217 21 422 183 525 247 0
218 17 657 171 734 244 1
218 20 2 229 227 373 0
218 21 416 184 524 252 0
219 17 662 170 743 246 1
219 20 2 239 160 373 0
219 21 411 185 524 257 0
220 17 667 172 752 250 1
220 20 2 254 61 373 0
220 21 403 186 522 262 0
221 17 672 173 763 256 1
221 21 395 187 522 269 0
222 17 678 175 774 261 1
222 21 386 189 521 276 0
223 17 686 175 787 266 1
223 21 378 187 520 279 0
224 17 694 175 802 271 1
224 21 364 186 518 285 0
225 17 704 175 819 277 1
225 21 348 185 516 291 0
226 17 713 176 837 285 1
226 21 329 187 513 304 0
227 17 722 177 858 295 1
227 21 308 190 511 319 0
228 17 733 179 882 307 1
228 21 276 189 505 331 0
229 17 746 180 911 322 1
229 21 237 188 498 347 0
230 17 756 173 946 331 1
230 21 189 187 488 367 0
230 22 637 174 670 195 0
231 17 769 177 990 355 1
231 21 127 185 478 373 0
231 22 639 172 673 194 0
232 17 785 175 1049 373 1
232 21 42 186 465 373 0
232 22 638 175 672 197 0
233 17 801 174 1123 373 1
233 21 2 188 448 373 0
233 22 638 177 672 200 0
234 17 824 180 1232 373 1
234 21 2 190 428 373 0
234 22 637 177 672 200 0
235 17 853 173 1240 373 1
235 21 2 193 403 373 0
235 22 636 177 671 201 0
236 17 891 181 1240 373 1
236 21 2 196 369 373 0
236 22 633 178 669 202 0
237 17 946 185 1240 373 1
237 21 2 201 321 373 0
237 22 629 178 665 202 0
238 17 1028 197 1240 373 1
238 21 2 208 250 373 0
238 22 623 177 661 202 0
239 21 2 220 132 373 0
239 22 617 177 654 202 0
240 22 610 177 648 203 0
241 22 603 176 642 203 0
242 22 596 176 636 204 0
243 22 589 176 629 204 0
244 22 582 176 623 204 0
245 22 574 179 616 208 0
246 22 566 181 609 211 0
247 22 559 183 603 214 0
248 22 551 183 597 215 0
249 22 544 183 592 215 0
250 22 537 183 587 216 0
251 22 532 182 583 216 0
252 22 528 181 580 215 0
253 22 523 179 576 215 0
254 22 519 180 573 217 0
255 22 514 181 570 219 0
256 22 511 182 568 221 0
257 22 507 182 566 223 0
258 22 503 183 564 226 0
259 22 498 184 561 228 0
260 22 494 183 559 228 0
261 22 489 181 557 228 0
262 22 484 179 555 227 0
263 22 479 179 553 230 0
264 22 474 180 551 232 0
265 22 468 180 548 235 0
266 22 460 180 544 237 0
267 22 451 179 540 240 0
268 22 441 179 536 243 0
269 22 430 181 531 248 0
270 22 417 182 525 254 0
270 23 536 171 562 196 0
271 22 403 184 519 261 0
271 23 533 173 559 198 0
272 22 387 183 513 265 0
272 23 529 172 556 198 0
273 22 369 181 506 269 0
273 23 525 171 553 197 0
274 22 348 185 498 281 0
274 23 522 174 551 201 0
275 22 323 189 489 295 0
275 23 519 181 548 209 0
276 22 294 193 479 312 0
276 23 514 187 544 216 0
277 22 258 194 468 325 0
277 23 510 187 541 217 0
278 22 214 194 455 341 0
278 23 506 185 538 215 0
279 22 160 192 440 358 0
279 23 502 181 535 212 0
280 22 89 190 422 373 0
280 23 498 182 532 213 0
280 41 339 175 450 217 0
281 22 2 191 403 373 0
281 23 494 182 529 214 0
281 41 330 174 444 218 0
282 22 2 193 379 373 0
282 23 490 181 526 214 0
282 41 321 174 439 219 0
283 22 2 196 348 373 0
283 23 486 181 523 215 0
283 41 310 173 433 220 0
284 22 2 199 306 373 0
284 23 482 180 520 215 0
284 41 299 173 427 221 0
285 22 2 203 255 373 0
285 23 478 182 517 218 0
285 41 288 173 421 224 0
286 22 2 209 179 373 0
286 23 473 183 514 220 0
286 41 277 174 415 226 0
287 22 2 219 61 373 0
287 23 468 185 511 223 0
287 41 264 175 408 229 0
288 23 466 185 510 225 0
288 41 251 175 401 232 0
289 23 464 186 509 227 0
289 41 236 176 394 235 0
290 23 461 185 508 228 0
290 24 476 183 520 217 0
290 41 220 177 385 239 0
291 23 459 185 508 229 0
291 24 475 183 521 218 0
291 41 202 178 377 243 0
292 23 456 185 507 231 0
292 24 474 183 521 219 0
292 41 183 179 367 247 0
293 23 452 185 506 232 0
293 24 473 183 522 220 0
293 41 168 178 362 249 0
294 23 449 184 505 233 0
294 24 472 183 523 221 0
294 41 152 177 356 251 0
295 23 445 184 505 235 0
295 24 471 182 524 222 0
295 41 134 176 349 254 0
296 23 441 184 504 237 0
296 24 470 182 525 223 0
296 41 111 175 340 257 0
297 23 437 183 503 239 0
297 24 469 181 526 224 0
297 41 85 174 329 260 0
298 23 433 183 503 241 0
298 24 468 181 527 225 0
298 41 56 172 318 264 0
299 23 427 182 502 243 0
299 24 466 181 527 226 0
299 41 23 171 305 269 0
300 23 422 182 499 245 0
300 24 463 180 526 227 0
300 25 500 177 536 203 0
300 41 2 172 286 277 0
301 23 415 181 495 248 0
301 24 460 180 526 228 0
301 25 499 178 536 204 0
301 41 2 173 265 287 0
302 23 405 182 493 253 0
302 24 456 179 526 230 0
302 25 498 178 536 205 0
302 41 2 174 241 298 0
303 23 394 183 488 259 0
303 24 451 181 524 234 0
303 25 497 180 536 208 0
303 41 2 175 213 311 0
304 23 381 184 483 265 0
304 24 446 183 522 239 0
304 25 496 182 536 211 0
304 41 2 177 181 328 0
305 23 367 185 477 272 0
305 24 439 183 519 242 0
305 25 493 180 536 209 0
305 41 2 179 142 348 0
306 23 351 187 471 280 0
306 24 432 184 517 245 0
306 25 493 181 536 211 0
307 23 331 188 463 290 0
307 24 424 184 514 249 0
307 25 492 182 536 212 0
308 23 310 189 456 300 0
308 24 416 184 511 252 0
308 25 488 183 535 215 0
309 23 282 188 448 310 0
309 24 406 183 507 255 0
309 25 486 182 535 215 0
310 23 247 189 436 325 0
310 24 396 182 504 259 0
310 25 484 182 534 215 0
310 26 500 173 535 204 0
311 23 204 186 422 337 0
311 24 384 182 500 263 0
311 25 482 181 533 215 0
311 26 499 172 535 204 0
312 23 150 186 405 358 0
312 24 370 183 495 270 0
312 25 480 180 532 216 0
312 26 498 172 535 204 0
313 23 86 190 388 373 0
313 24 354 185 490 279 0
313 25 476 182 532 219 0
313 26 497 173 535 207 0
314 23 2 195 361 373 0
314 24 333 185 483 288 0
314 25 473 185 531 223 0
314 26 495 175 535 210 0
315 23 2 197 330 373 0
315 24 309 186 476 299 0
315 25 469 187 530 228 0
315 26 493 176 534 212 0
316 23 2 199 291 373 0
316 24 279 187 468 312 0
316 25 464 186 528 228 0
316 26 490 177 533 214 0
317 23 2 202 238 373 0
317 24 242 188 458 328 0
317 25 460 185 527 229 0
317 26 488 176 532 213 0
318 23 2 205 163 373 0
318 24 196 189 447 348 0
318 25 455 185 525 230 0
318 26 485 174 531 213 0
319 23 2 220 54 373 0
319 24 131 187 430 370 0
319 25 450 185 523 231 0
319 26 483 174 530 214 0
320 24 51 188 414 373 0
320 25 445 184 521 233 0
320 26 480 174 529 215 0
320 27 528 173 554 194 0
321 24 2 190 394 373 0
321 25 439 184 519 235 0
321 26 477 173 528 216 0
321 27 528 171 554 193 0
322 24 2 192 369 373 0
322 25 432 184 517 238 0
322 26 474 173 528 217 0
322 27 528 170 555 192 0
323 24 2 194 336 373 0
323 25 424 185 516 242 0
323 26 470 173 527 219 0
323 27 528 172 555 195 0
324 24 2 198 290 373 0
324 25 416 186 514 246 0
324 26 467 174 526 222 0
324 27 528 174 556 198 0
325 24 2 202 231 373 0
325 25 407 187 512 250 0
325 26 464 175 526 225 0
325 27 527 174 556 198 0
326 24 2 209 138 373 0
326 25 396 188 510 256 0
326 26 460 174 525 225 0
326 27 527 174 556 198 0
327 24 2 220 2 373 0
327 25 383 188 506 261 0
327 26 456 172 524 226 0
327 27 527 173 557 198 0
328 25 368 189 500 267 0
328 26 450 172 521 228 0
328 27 526 173 557 199 0
329 25 351 190 495 274 0
329 26 443 173 518 231 0
329 27 526 173 558 199 0
330 25 330 190 488 282 0
330 26 436 173 516 235 0
330 27 524 173 557 200 0
330 28 534 165 565 195 0
331 25 306 191 481 291 0
331 26 428 174 512 238 0
331 27 522 174 556 201 0
331 28 532 165 564 196 0
332 25 277 192 472 302 0
332 26 418 173 508 242 0
332 27 520 174 555 203 0
332 28 530 165 563 197 0
333 25 242 193 462 316 0
333 26 407 173 504 245 0
333 27 518 175 554 204 0
333 28 528 165 562 198 0
334 25 197 194 451 334 0
334 26 395 173 499 249 0
334 27 516 175 553 205 0
334 28 526 165 561 199 0
335 25 140 196 438 357 0
335 26 382 173 493 254 0
335 27 514 176 552 207 0
335 28 525 164 561 198 0
336 25 65 198 422 373 0
336 26 366 172 487 260 0
336 27 511 177 550 209 0
336 28 523 165 560 200 0
337 25 2 201 403 373 0
337 26 348 172 480 266 0
337 27 507 177 549 210 0
337 28 521 166 559 202 0
338 25 2 204 380 373 0
338 26 327 172 472 273 0
338 27 504 178 547 212 0
338 28 519 165 558 202 0
339 25 2 209 350 373 0
339 26 303 172 463 282 0
339 27 500 175 545 211 0
339 28 517 163 557 201 0
340 25 2 214 312 373 0
340 26 274 171 453 292 0
340 27 496 172 544 209 0
340 28 514 162 556 201 0
341 25 2 222 261 373 0
341 26 237 177 442 311 0
341 27 492 176 542 214 0
341 28 511 165 555 206 0
342 25 2 233 189 373 0
342 26 192 182 430 334 0
342 27 487 180 540 220 0
342 28 508 169 553 211 0
343 25 2 249 79 373 0
343 26 138 179 414 349 0
343 27 482 184 537 226 0
343 28 505 168 552 212 0
344 26 67 173 395 370 0
344 27 478 182 536 225 0
344 28 502 168 551 212 0
345 26 2 173 372 373 0
345 27 472 182 533 228 0
345 28 497 168 549 214 0
346 26 2 174 344 373 0
346 27 466 183 530 230 0
346 28 493 167 547 215 0
347 26 2 175 309 373 0
347 27 459 183 526 233 0
347 28 488 167 544 217 0
348 26 2 176 264 373 0
348 27 451 184 522 237 0
348 28 483 167 541 219 0
349 26 2 180 202 373 0
349 27 442 185 518 240 0
349 28 478 167 539 221 0
350 26 2 182 114 373 0
350 27 432 185 512 244 0
350 28 471 168 536 224 0
350 29 536 175 569 201 0
351 26 2 186 2 373 0
351 27 419 186 505 249 0
351 28 464 168 532 227 0
351 29 533 176 566 202 0
352 27 406 187 497 254 0
352 28 456 169 527 230 0
352 29 529 177 564 204 0
353 27 392 188 490 260 0
353 28 448 169 523 234 0
353 29 526 177 562 204 0
354 27 375 189 483 267 0
354 28 440 169 519 237 0
354 29 523 176 560 204 0
355 27 357 191 475 274 0
355 28 431 169 515 240 0
355 29 521 176 560 206 0
356 27 337 192 468 282 0
356 28 421 168 510 244 0
356 29 519 177 559 207 0
357 27 313 193 458 292 0
357 28 410 168 506 248 0
357 29 517 178 559 209 0
358 27 285 194 448 304 0
358 28 398 168 501 253 0
358 29 514 178 558 211 0
359 27 250 196 436 318 0
359 28 384 168 496 259 0
359 29 512 179 557 212 0
360 27 207 198 422 336 0
360 28 368 168 490 265 0
360 29 509 180 557 214 0
361 27 150 200 405 359 0
361 28 350 168 484 273 0
361 29 506 181 556 217 0
362 27 77 202 387 373 0
362 28 329 168 477 282 0
362 29 502 181 555 219 0
363 27 2 206 363 373 0
363 28 304 168 468 292 0
363 29 499 182 554 222 0
364 27 2 210 333 373 0
364 28 273 168 459 304 0
364 29 494 183 553 224 0
365 27 2 215 295 373 0
365 28 235 167 448 319 0
365 29 490 184 551 227 0
366 27 2 221 244 373 0
366 28 188 166 435 338 0
366 29 486 184 550 228 0
367 27 2 231 174 373 0
367 28 126 164 419 361 0
367 29 482 183 548 230 0
368 27 2 245 69 373 0
368 28 48 162 402 373 0
368 29 477 183 546 231 0
369 28 2 158 381 373 0
369 29 471 182 544 233 0
370 28 2 153 354 373 0
370 29 465 182 541 235 1
370 31 591 197 616 224 0
371 28 2 144 321 373 0
371 29 458 181 539 237 1
371 31 593 196 618 223 0
372 28 2 139 280 373 0
372 29 451 183 536 243 1
372 31 594 199 619 227 0
373 28 2 126 225 373 0
373 29 443 186 534 250 1
373 31 595 201 621 229 0
374 28 2 31 147 373 0
374 29 434 188 531 258 1
374 31 596 204 622 234 0
375 28 2 2 27 373 0
375 29 424 191 528 266 1
375 31 597 205 624 235 0
376 29 412 195 525 277 1
376 31 598 208 626 239 0
377 29 398 194 520 281 1
377 31 598 205 625 235 0
378 29 383 192 517 287 1
378 31 598 203 626 234 0
379 29 364 191 512 293 1
379 31 598 202 626 233 0
380 29 342 191 506 303 1
380 31 598 203 627 235 0
381 29 313 191 498 314 1
381 31 598 205 628 238 0
382 29 280 193 490 331 1
382 31 598 205 629 238 0
383 29 238 194 481 351 1
383 31 598 205 630 239 0
384 29 184 196 470 373 1
384 31 597 205 630 239 0
385 29 111 198 457 373 1
385 31 597 205 631 239 0
386 29 7 201 442 373 1
386 31 596 204 631 239 0
387 29 2 204 423 373 1
387 31 596 204 631 239 0
388 29 2 208 400 373 1
388 31 595 204 631 240 0
389 29 2 213 369 373 1
389 31 596 205 632 242 0
390 29 2 221 328 373 0
390 31 596 207 632 245 0
391 29 2 231 269 373 0
391 31 597 205 633 244 0
392 29 2 246 179 373 0
392 31 598 201 634 240 0
393 31 600 201 637 240 0
394 31 603 200 640 239 0
395 31 607 203 645 243 0
396 31 609 205 648 246 0
397 31 611 201 652 243 0
398 31 614 197 656 240 0
399 31 617 194 660 236 0
400 31 620 191 663 233 0
400 40 691 206 766 234 0
400 46 550 205 576 218 0
400 47 549 189 570 215 0
401 31 623 189 666 232 0
401 40 695 204 771 233 0
401 46 553 203 579 216 0
401 47 551 187 572 213 0
402 31 626 187 669 231 0
402 40 699 203 777 232 0
402 46 553 201 580 214 0
402 47 552 185 575 211 0
403 31 629 185 673 230 0
403 40 704 201 783 231 0
403 46 554 198 580 212 0
403 47 554 182 578 208 0
404 31 628 184 673 229 0
404 40 705 200 785 230 0
404 46 553 196 580 210 0
404 47 553 180 576 206 0
405 31 627 182 673 228 0
405 40 706 198 788 229 0
405 46 552 194 579 208 0
405 47 551 177 575 204 0
406 31 626 181 673 227 0
406 40 707 197 791 228 0
406 46 550 192 578 206 0
406 47 549 175 573 201 0
407 31 625 179 674 226 0
407 40 706 197 791 229 0
407 46 546 191 573 205 0
407 47 545 175 569 202 0
408 31 620 179 669 227 0
408 40 704 198 790 231 0
408 46 541 191 569 205 0
408 47 541 175 565 202 0
409 31 614 179 665 227 0
409 40 702 198 790 232 0
409 46 536 190 564 204 0
409 47 536 175 561 203 0
410 30 986 175 1215 247 0
410 31 609 178 660 227 0
410 40 698 198 787 232 0
410 46 529 190 558 204 0
410 47 529 175 554 203 0
411 30 992 173 1231 248 0
411 31 604 178 655 228 0
411 40 693 197 784 231 0
411 46 522 190 552 204 0
411 47 522 175 547 203 0
412 30 999 172 1240 249 0
412 31 598 177 650 228 0
412 40 689 196 781 231 0
412 46 515 189 545 204 0
412 47 514 174 540 203 0
413 30 1005 171 1240 251 0
413 31 592 176 645 228 0
413 40 684 195 778 231 0
413 46 508 189 538 204 0
413 47 508 172 534 201 0
414 30 1012 170 1240 253 0
414 31 586 175 640 228 0
414 40 679 194 774 230 0
414 46 501 188 531 203 0
414 47 502 170 527 199 0
415 30 1020 169 1240 256 0
415 31 580 174 634 227 0
415 40 675 194 772 231 0
415 46 494 188 525 203 0
415 47 495 168 520 198 0
416 30 1028 168 1240 258 0
416 31 573 172 628 227 0
416 40 670 194 769 232 0
416 46 487 187 518 202 0
416 47 488 168 513 198 0
417 30 1037 167 1240 261 0
417 31 567 171 622 227 0
417 40 666 194 766 233 0
417 46 479 187 511 202 0
417 47 481 168 506 198 0
418 30 1048 168 1240 266 0
418 31 561 171 618 228 0
418 40 661 194 763 233 0
418 46 471 186 503 201 0
418 47 474 168 499 199 0
419 30 1059 169 1240 272 0
419 31 555 171 613 229 0
419 40 656 194 760 234 0
419 46 466 186 498 202 0
419 47 466 168 491 199 0
420 30 1071 171 1240 278 0
420 31 549 172 608 231 0
420 32 2 228 43 298 0
420 40 653 195 759 236 0
420 46 460 186 493 202 0
420 47 460 168 486 199 0
421 30 1084 173 1240 285 0
421 31 543 172 604 232 0
421 32 2 227 16 300 0
421 40 650 196 757 238 0
421 46 454 186 487 202 0
421 47 455 167 481 199 0
422 30 1099 175 1240 293 0
422 31 536 172 598 233 0
422 32 2 226 2 302 0
422 40 647 197 756 240 0
422 46 448 186 481 202 0
422 47 449 167 476 198 0
423 30 1113 177 1240 301 0
423 31 533 171 595 233 0
423 32 2 228 2 305 0
423 40 643 198 754 242 0
423 46 441 186 475 202 0
423 47 446 164 473 197 0
424 30 1132 178 1240 309 0
424 31 531 169 594 232 0
424 32 2 229 2 309 0
424 40 641 194 753 238 0
424 46 439 183 473 200 0
424 47 443 162 470 194 0
425 30 1153 179 1240 317 0
425 31 530 166 594 230 0
425 32 2 231 2 313 0
425 40 642 193 757 238 0
425 46 436 181 471 197 0
425 47 439 160 467 192 0
426 30 1176 180 1240 327 0
426 31 528 164 593 229 0
426 32 2 227 2 311 0
426 40 643 192 760 238 0
426 46 434 178 469 195 0
426 47 436 157 463 190 0
427 30 1201 181 1240 337 0
427 31 527 161 592 227 0
427 32 2 223 2 309 0
427 40 644 191 764 238 0
427 46 432 177 468 194 0
427 47 435 155 463 188 0
428 30 1228 182 1240 349 0
428 31 525 158 591 226 0
428 32 2 219 2 307 0
428 40 645 190 767 237 0
428 46 431 175 467 192 0
428 47 434 152 462 186 0
429 30 1240 184 1240 363 0
429 31 528 158 595 226 0
429 32 2 215 2 305 0
429 40 647 189 771 237 0
429 46 433 175 470 192 0
429 47 436 151 464 185 0
430 31 531 157 598 227 0
430 32 2 215 2 308 0
430 40 653 189 780 238 0
430 46 435 174 472 191 0
430 47 438 151 467 185 0
431 31 536 157 604 227 0
431 32 2 216 2 310 0
431 40 660 189 789 240 0
431 46 438 173 475 190 0
431 47 444 150 472 184 0
432 31 541 156 611 228 0
432 32 2 216 2 313 0
432 40 667 189 799 241 0
432 46 443 173 481 190 0
432 47 450 149 478 184 0
433 31 547 155 617 228 0
433 32 2 217 2 317 0
433 40 675 190 809 242 0
433 46 449 173 487 191 0
433 47 455 149 484 183 0
434 31 553 155 624 229 0
434 32 2 217 2 320 0
434 40 683 190 819 243 0
434 46 456 170 494 188 0
434 47 461 148 490 183 0
435 31 558 154 631 230 0
435 32 2 216 2 321 0
435 40 690 189 830 244 0
435 46 461 171 499 189 0
435 47 467 147 496 183 0
436 31 563 153 637 229 0
436 32 2 215 2 323 0
436 40 698 189 841 245 0
436 46 466 172 504 190 0
436 47 472 147 501 182 0
437 31 568 151 644 229 0
437 32 2 214 2 324 0
437 40 707 188 853 245 0
437 46 470 170 508 188 0
437 47 477 147 506 182 0
438 31 573 150 650 229 0
438 32 2 213 2 326 0
438 40 715 188 865 246 0
438 46 474 167 513 186 0
438 47 482 144 512 180 0
439 31 579 148 657 228 0
439 32 2 212 2 328 0
439 40 724 187 878 247 0
439 46 480 165 520 183 0
439 47 487 142 517 179 0
440 31 588 146 667 228 0
440 32 2 218 2 337 0
440 40 738 187 895 248 0
440 46 489 163 528 182 0
440 47 492 140 522 177 0
441 31 597 144 677 227 0
441 32 2 223 2 347 0
441 40 755 187 916 250 0
441 46 497 162 537 181 0
441 47 504 140 534 177 0
442 31 611 143 692 228 0
442 32 2 223 2 348 0
442 40 771 187 937 251 0
442 46 511 162 551 181 0
442 47 516 141 546 178 0
443 31 626 142 709 228 0
443 32 2 223 2 350 0
443 40 786 187 958 253 0
443 46 524 162 564 181 0
443 47 528 141 558 178 0
444 31 642 141 727 229 0
444 32 2 223 2 351 0
444 40 807 187 982 255 0
444 46 538 162 578 181 0
444 47 545 141 576 178 0
445 31 663 140 751 230 0
445 32 2 224 2 354 0
445 40 831 186 1015 257 0
445 46 556 162 597 181 0
445 47 562 140 593 178 0
446 31 684 139 775 231 0
446 32 2 226 2 357 0
446 40 863 186 1057 260 0
446 46 575 161 616 180 0
446 47 582 140 613 178 0
447 31 706 137 801 232 0
447 32 2 228 2 360 0
447 40 897 186 1104 263 0
447 46 598 160 639 180 0
447 47 603 139 635 177 0
448 31 733 136 833 234 0
448 32 2 230 2 363 0
448 40 934 186 1156 267 0
448 46 621 160 663 180 0
448 47 625 138 658 177 0
449 31 762 135 867 236 0
449 32 2 227 2 360 0
449 40 976 185 1213 271 0
449 46 647 159 689 179 0
449 47 652 138 685 177 0
450 31 792 134 904 238 0
450 32 2 225 2 356 0
450 40 1021 185 1240 276 0
450 46 673 159 716 179 0
450 47 680 137 713 177 0
451 31 826 128 947 237 0
451 32 2 222 2 353 0
451 40 1071 185 1240 281 0
451 46 703 158 747 179 0
451 47 709 135 744 176 0
452 31 864 126 995 240 0
452 32 2 220 2 350 0
452 40 1127 185 1240 287 0
452 46 733 157 778 178 0
452 47 740 133 775 175 0
453 31 904 124 1047 243 0
453 32 2 218 2 347 0
453 46 767 156 813 177 0
453 47 772 131 808 174 0
454 31 950 119 1107 245 0
454 32 2 216 2 345 0
454 46 801 155 849 177 0
454 47 808 129 844 172 0
455 31 999 112 1174 247 0
455 32 2 214 4 343 0
455 46 839 152 889 175 0
455 47 845 126 883 171 0
456 31 1054 105 1240 250 0
456 32 2 212 41 341 0
456 46 879 149 932 173 0
456 47 884 123 923 169 0
457 31 1117 102 1240 261 0
457 32 2 210 77 339 0
457 46 922 150 978 174 0
457 47 927 121 969 169 0
458 31 1189 98 1240 274 0
458 32 2 208 107 338 0
458 46 969 150 1029 176 0
458 47 973 119 1017 169 0
459 31 1240 94 1240 291 0
459 32 2 205 137 337 0
459 46 1021 146 1085 173 0
459 47 1022 116 1071 168 0
460 32 2 203 168 336 0
460 33 228 205 267 238 0
460 37 135 203 238 279 0
460 46 1077 141 1147 170 0
460 47 1072 113 1129 168 0
461 32 2 201 193 336 0
461 33 263 202 302 235 0
461 37 163 201 266 277 0
461 46 1129 140 1206 170 0
461 47 1128 109 1191 167 0
462 32 16 199 219 336 0
462 33 291 199 331 231 0
462 37 192 198 295 275 0
462 46 1186 139 1240 170 0
462 47 1181 105 1240 166 0
463 32 21 198 235 341 0
463 33 318 195 359 228 0
463 37 211 196 316 274 0
464 32 26 196 252 345 0
464 33 341 192 383 224 0
464 37 231 194 338 272 0
465 32 22 195 265 351 0
465 33 359 192 401 224 0
465 37 241 194 353 274 0
466 32 11 195 274 360 0
466 33 377 191 419 223 0
466 37 251 193 369 276 0
467 32 2 195 279 372 0
467 33 396 190 438 223 0
467 37 260 193 381 278 0
468 32 2 195 282 373 0
468 33 411 190 455 223 0
468 37 268 193 394 281 0
469 32 2 195 285 373 0
469 33 426 189 473 223 0
469 37 277 193 407 283 0
470 32 2 195 288 373 0
470 33 441 189 491 222 0
470 37 284 191 418 284 0
471 32 2 189 282 373 0
471 33 454 186 503 220 0
471 37 286 188 427 285 0
472 32 2 194 276 373 0
472 33 467 184 515 218 0
472 37 289 186 436 286 0
473 32 2 201 266 373 0
473 33 476 182 524 217 0
473 37 283 186 440 291 0
474 32 2 204 247 373 0
474 33 484 181 533 215 0
474 37 274 185 443 297 0
475 32 2 207 221 373 0
475 33 488 178 537 213 0
475 37 261 185 444 304 0
476 32 2 212 181 373 0
476 33 491 175 542 211 0
476 37 243 185 441 312 0
477 32 2 218 131 373 0
477 33 491 173 542 210 0
477 37 223 184 438 321 0
478 32 2 226 66 373 0
478 33 491 171 543 209 0
478 37 187 186 427 336 0
479 32 2 237 2 373 0
479 33 488 171 542 210 0
479 37 145 187 415 354 0
480 33 486 171 540 211 0
480 37 90 189 399 373 0
480 38 180 169 362 228 0
480 39 461 165 526 188 0
481 33 484 171 539 212 0
481 37 33 191 388 373 0
481 38 164 170 354 232 0
481 39 459 165 525 188 0
482 33 480 170 537 212 0
482 37 2 194 365 373 0
482 38 147 170 345 235 0
482 39 457 164 524 188 0
483 33 477 170 536 213 0
483 37 2 197 343 373 0
483 38 129 171 336 239 0
483 39 454 164 522 188 0
484 33 472 173 534 218 0
484 37 2 201 316 373 0
484 38 110 172 326 243 0
484 39 451 168 520 192 0
485 33 467 176 531 223 0
485 37 2 205 282 373 0
485 38 86 176 313 251 0
485 39 449 172 519 196 0
486 33 463 181 529 229 0
486 38 60 180 300 259 0
486 39 446 176 517 201 0
487 33 457 185 527 236 0
487 38 31 184 285 268 0
487 39 443 178 516 204 0
488 33 451 186 525 239 0
488 38 2 185 268 275 0
488 39 440 180 514 206 0
489 33 445 187 522 241 0
489 38 2 187 250 282 0
489 39 438 180 513 207 0
490 33 438 186 519 243 0
490 34 531 182 557 202 0
490 35 570 162 609 188 0
490 38 2 188 231 290 0
490 39 435 181 511 209 0
491 33 430 186 516 245 0
491 34 529 181 556 201 0
491 35 569 161 609 188 0
491 38 2 189 209 299 0
491 39 432 180 510 208 0
492 33 421 185 512 248 0
492 34 528 180 555 201 0
492 35 568 161 609 187 0
492 38 2 191 185 310 0
492 39 428 179 508 208 0
493 33 412 185 508 250 0
493 34 526 181 554 202 0
493 35 568 160 608 187 0
493 38 2 192 158 323 0
493 39 425 180 507 209 0
494 33 402 187 504 256 0
494 34 525 182 553 203 0
494 35 568 161 609 188 0
494 38 2 194 127 338 0
494 39 422 181 505 210 0
495 33 390 189 499 263 0
495 34 524 183 552 206 0
495 35 567 161 609 189 0
495 38 2 196 91 356 0
495 39 418 182 503 212 0
496 33 377 191 494 271 0
496 34 523 185 552 208 0
496 35 567 162 609 189 0
496 39 414 183 501 215 0
497 33 362 194 488 280 0
497 34 521 185 551 208 0
497 35 567 162 610 190 0
497 39 409 183 498 215 0
498 33 345 194 482 286 0
498 34 520 185 551 209 0
498 35 567 163 610 191 0
498 39 404 183 496 216 0
499 33 325 195 475 294 0
499 34 519 185 550 209 0
499 35 567 163 610 192 0
499 39 399 183 493 217 0
500 33 302 195 467 303 0
500 34 518 184 550 209 0
500 35 567 162 611 191 0
500 39 394 183 490 217 0
501 33 274 195 457 313 0
501 34 516 184 549 209 0
501 35 567 162 612 191 0
501 39 389 183 487 218 0
502 33 239 196 447 327 0
502 34 515 183 549 209 0
502 35 567 161 612 190 0
502 39 384 182 485 218 0
503 33 197 197 434 343 0
503 34 514 182 548 209 0
503 35 568 159 613 190 0
503 39 379 181 483 218 0
504 33 142 197 419 364 0
504 34 512 182 548 208 0
504 35 568 158 614 189 0
504 39 374 180 481 219 0
505 33 73 198 403 373 0
505 34 511 181 548 208 0
505 35 568 157 615 188 0
505 39 369 179 479 219 0
506 33 2 201 381 373 0
506 34 509 181 547 209 0
506 35 568 157 615 188 0
506 39 361 180 475 221 0
507 33 2 205 355 373 0
507 34 507 181 546 209 0
507 35 568 156 616 188 0
507 39 353 181 471 223 0
508 33 2 210 323 373 0
508 34 505 182 545 212 0
508 35 568 157 617 189 0
508 39 345 181 467 225 0
509 33 2 217 281 373 0
509 34 503 183 544 214 0
509 35 568 158 618 191 0
509 39 337 181 463 226 0
510 33 2 226 224 373 0
510 34 500 184 543 216 0
510 35 567 157 618 191 0
510 39 327 182 458 228 0
511 33 2 238 142 373 0
511 34 497 184 541 217 0
511 35 567 157 618 191 0
511 39 317 182 453 230 0
512 33 2 258 17 373 0
512 34 493 184 539 218 0
512 35 566 156 617 191 0
512 39 305 183 446 233 0
513 34 489 184 537 218 0
513 35 565 156 617 191 0
513 39 291 184 439 236 0
514 34 484 184 534 220 0
514 35 563 156 616 191 0
514 39 277 185 431 240 0
515 34 478 185 530 222 0
515 35 561 156 615 192 0
515 39 262 186 424 243 0
516 34 472 186 526 224 0
516 35 558 156 614 193 0
516 39 243 187 413 248 0
517 34 466 187 522 227 0
517 35 556 156 612 194 0
517 39 224 188 403 252 0
518 34 459 188 517 230 0
518 35 554 155 611 193 0
518 39 204 188 392 256 0
519 34 452 188 513 231 0
519 35 551 155 609 193 0
519 39 181 189 380 260 0
520 34 444 188 507 233 0
520 35 548 154 607 193 0
520 39 155 189 367 264 0
521 34 436 188 502 235 0
521 35 545 153 605 193 0
521 39 127 189 353 270 0
522 34 426 188 496 237 0
522 35 543 153 603 193 0
522 39 95 189 337 275 0
523 34 416 188 491 239 0
523 35 540 153 602 194 0
523 39 54 190 317 282 0
524 34 405 188 485 242 0
524 35 537 153 600 195 0
524 39 11 190 297 290 0
525 34 393 188 479 245 0
525 35 535 153 599 196 0
525 39 2 190 275 299 0
526 34 381 188 472 248 0
526 35 533 154 598 198 0
526 39 2 191 250 309 0
527 34 367 188 465 252 0
527 35 531 152 597 197 0
527 39 2 192 221 322 0
528 34 352 188 457 256 0
528 35 528 151 596 197 0
528 39 2 192 187 338 0
529 34 334 188 449 260 0
529 35 525 149 594 196 0
529 39 2 193 144 359 0
530 34 315 189 441 267 0
530 35 524 149 594 197 0
531 34 297 191 433 274 0
531 35 523 148 595 197 0
532 34 273 192 425 282 0
532 35 521 148 595 198 0
533 34 246 193 415 292 0
533 35 519 147 595 199 0
534 34 214 195 404 303 0
534 35 520 146 597 198 0
535 34 176 197 391 317 0
535 35 520 144 598 198 0
536 34 128 199 377 334 0
536 35 520 142 600 197 0
537 34 77 201 363 352 0
537 35 520 140 602 197 0
538 34 3 203 346 373 0
538 35 520 138 604 196 0
539 34 2 205 330 373 0
539 35 520 135 606 195 0
540 34 2 207 310 373 0
540 35 522 135 609 196 0
540 36 388 172 433 205 0
541 34 2 210 285 373 0
541 35 524 134 613 197 0
541 36 388 172 433 206 0
542 34 2 214 255 373 0
542 35 526 133 616 198 0
542 36 387 172 433 207 0
543 34 2 219 219 373 0
543 35 528 132 621 199 0
543 36 386 172 434 208 0
544 34 2 225 172 373 0
544 35 531 132 626 200 0
544 36 388 172 435 208 0
545 34 2 232 112 373 0
545 35 535 131 631 202 0
545 36 389 171 437 208 0
546 34 2 242 30 373 0
546 35 539 129 639 201 0
546 36 391 170 438 209 0
547 35 544 126 646 201 0
547 36 392 170 441 209 0
548 35 549 124 654 200 0
548 36 394 170 444 210 0
549 35 555 121 663 200 0
549 36 396 169 447 210 0
550 35 560 120 670 200 0
550 36 397 169 449 211 0
550 49 719 96 956 204 0
551 35 565 118 679 201 0
551 36 399 169 452 212 0
551 49 729 93 975 205 0
552 35 571 117 687 202 0
552 36 401 168 454 212 0
552 49 741 90 995 205 0
553 35 577 115 696 203 0
553 36 404 167 458 212 0
553 49 750 89 1013 208 0
554 35 583 113 706 204 0
554 36 405 166 460 212 0
554 49 760 89 1032 212 0
555 35 588 112 714 205 0
555 36 407 165 463 212 0
555 49 771 88 1052 216 0
556 35 593 110 723 206 0
556 36 407 164 464 212 0
556 49 782 88 1074 220 0
557 35 599 109 732 208 0
557 36 408 163 466 212 0
557 49 795 87 1097 224 0
558 35 603 108 739 209 0
558 36 410 161 469 212 0
558 49 805 84 1118 225 0
559 35 607 106 748 211 0
559 36 409 160 470 212 0
559 49 815 81 1140 227 0
560 35 611 104 756 212 0
560 36 408 159 470 212 0
560 45 442 159 486 191 0
560 48 491 149 520 166 0
560 49 827 77 1164 228 0
561 35 616 103 766 214 0
561 36 406 158 470 212 0
561 45 442 157 488 190 0
561 48 494 148 523 166 0
561 49 839 73 1189 230 0
562 35 619 101 774 216 0
562 36 405 157 471 212 0
562 45 443 156 489 189 0
562 48 496 148 526 165 0
562 49 852 69 1216 232 0
563 35 622 99 782 218 0
563 36 403 156 472 212 0
563 45 443 155 490 189 0
563 48 499 147 529 165 0
563 49 861 65 1239 234 0
564 35 626 98 791 220 0
564 36 401 154 473 212 0
564 45 443 155 491 189 0
564 48 502 146 532 164 0
564 49 872 61 1240 236 0
565 35 629 96 799 221 0
565 36 399 155 472 214 0
565 45 444 155 493 190 0
565 48 503 147 534 165 0
565 49 883 56 1240 238 0
566 35 632 94 807 223 0
566 36 396 156 471 216 0
566 45 443 156 493 191 0
566 48 505 148 535 166 0
566 49 895 51 1240 240 0
567 35 635 92 816 225 0
567 36 393 156 471 218 0
567 45 442 157 493 193 0
567 48 506 150 537 168 0
567 49 907 46 1240 243 0
568 35 638 91 825 228 0
568 36 390 157 470 220 0
568 45 441 158 493 195 0
568 48 507 152 538 170 0
568 49 921 41 1240 245 0
569 35 642 97 835 238 0
569 36 384 160 467 225 0
569 45 440 161 493 198 0
569 48 508 155 540 173 0
569 49 935 34 1240 248 0
