0 8 354 136 844 366 1
1 8 474 137 1022 373 1
2 8 614 131 1240 373 1
3 8 777 126 1240 373 1
4 8 931 123 1240 373 1
5 8 1091 117 1240 373 1
6 8 1240 109 1240 373 1
7 8 1240 109 1240 373 1
8 8 1240 107 1240 373 1
9 8 1240 108 1240 373 1
10 8 1240 109 1240 373 0
11 8 1240 99 1240 373 0
12 8 1240 115 1240 373 0
13 8 1240 138 1240 373 0
14 8 1240 145 1240 373 0
15 8 1240 163 1240 373 0
16 8 1240 154 1240 373 0
17 8 1240 156 1240 373 0
18 8 1240 172 1240 369 0
19 8 1240 161 1240 329 0
20 8 1240 184 1240 332 0
21 8 1240 185 1240 313 0
22 8 1240 187 1240 299 0
23 8 1240 188 1240 288 0
24 8 1240 190 1240 279 0
25 8 1240 192 1240 272 0
26 8 1240 189 1240 260 0
27 8 1240 186 1240 250 0
28 8 1240 184 1240 242 0
29 8 1171 182 1239 235 0
30 8 1108 180 1167 229 0
31 8 1044 180 1097 226 0
32 8 987 180 1035 222 0
33 8 937 180 981 220 0
34 8 889 180 929 217 0
35 8 844 180 882 215 0
36 8 803 180 839 214 0
37 8 764 180 798 213 0
38 8 728 180 761 212 0
39 8 697 180 728 211 0
40 8 669 180 700 210 0
41 8 646 180 676 210 0
42 8 626 180 656 209 0
43 8 611 180 640 209 0
44 8 600 181 629 209 0
45 8 589 181 619 209 0
46 8 587 181 615 208 0
47 8 585 180 612 207 0
48 8 586 180 613 207 0
49 8 587 180 614 206 0
50 1 556 187 575 202 1
50 8 588 179 614 205 0
51 1 556 187 576 202 1
51 8 590 179 615 205 0
52 1 556 186 576 203 1
52 8 591 180 616 205 0
53 1 555 186 577 203 1
53 8 592 180 617 205 0
54 1 555 186 578 204 1
54 8 593 180 618 205 0
55 1 553 186 577 204 1
55 8 594 180 619 204 0
56 1 550 186 575 205 1
56 8 595 179 619 204 0
57 1 547 185 574 206 1
57 8 595 179 620 203 0
58 1 544 185 572 207 1
58 8 595 180 620 204 0
59 1 540 186 571 209 1
59 8 595 180 619 204 0
60 1 536 186 568 211 1
60 8 595 181 619 205 0
61 1 531 187 566 214 1
61 8 595 182 619 206 0
62 1 525 188 564 217 1
62 8 595 183 618 206 0
63 1 518 189 561 221 1
63 8 595 183 618 207 0
64 1 510 190 557 224 1
64 8 594 183 618 207 0
65 1 501 190 553 228 1
65 8 594 184 617 207 0
66 1 489 190 549 232 1
66 8 595 183 618 206 0
67 1 475 190 543 238 1
67 8 595 182 618 205 0
68 1 456 191 535 245 1
68 8 596 181 618 204 0
69 1 430 192 526 256 1
69 8 596 180 619 203 0
70 1 395 193 514 271 1
70 8 597 180 619 202 0
71 1 340 194 497 294 1
71 8 597 179 620 201 0
72 1 246 197 471 333 1
72 8 598 178 620 200 0
73 1 46 201 431 373 1
73 8 599 178 621 200 0
74 1 2 210 356 373 1
74 8 600 178 622 200 0
75 1 2 231 196 373 1
75 8 600 178 622 200 0
76 1 2 340 2 373 1
76 8 601 178 623 200 0
77 8 602 178 624 200 0
78 8 603 178 625 200 0
79 8 603 177 625 199 0
80 8 604 177 626 198 0
81 8 603 176 625 198 0
82 8 603 176 625 197 0
83 8 602 176 624 198 0
84 8 601 176 623 198 0
85 8 600 176 622 198 0
86 8 600 176 622 197 0
87 8 600 175 622 197 0
88 8 600 175 621 197 0
89 8 600 175 621 197 0
90 8 599 176 621 197 0
91 8 600 175 621 196 0
92 8 600 175 622 196 0
93 8 601 174 622 195 0
94 8 601 174 622 195 0
95 8 601 173 623 195 0
96 8 602 174 623 195 0
97 8 602 174 624 195 0
98 8 603 174 624 195 0
99 8 604 173 625 195 0
100 8 604 173 625 194 0
101 8 605 172 626 193 0
102 8 606 171 627 193 0
103 8 606 171 628 193 0
104 8 607 172 628 193 0
105 8 608 172 629 193 0
106 8 608 171 629 192 0
107 8 609 171 630 192 0
108 8 609 171 630 192 0
109 8 609 171 630 192 0
110 8 609 170 630 191 0
111 8 609 170 631 191 0
112 8 610 170 631 191 0
113 8 611 170 632 191 0
114 8 611 170 633 191 0
115 8 612 170 633 191 0
116 8 613 170 635 191 0
117 8 615 170 636 191 0
118 8 616 170 638 191 0
119 8 617 169 639 190 0
120 8 619 169 641 190 0
121 8 621 170 643 190 0
122 8 622 170 645 191 0
123 8 624 170 647 191 0
124 8 626 171 649 192 0
125 8 628 171 651 192 0
126 8 630 171 653 192 0
127 8 632 171 655 191 0
128 8 634 170 657 191 0
129 8 636 170 659 191 0
130 8 638 170 661 191 0
131 8 639 170 662 191 0
132 8 640 170 663 191 0
133 8 642 170 665 191 0
134 8 643 170 666 190 0
135 8 644 170 667 190 0
136 8 645 169 668 190 0
137 8 645 169 669 189 0
138 8 646 168 669 189 0
139 8 647 168 670 188 0
140 8 647 168 671 188 0
141 8 649 168 672 188 0
142 8 650 168 673 188 0
143 8 651 168 674 188 0
144 8 652 168 675 189 0
145 8 653 168 676 189 0
146 8 655 168 679 188 0
147 8 657 167 681 188 0
148 8 659 167 683 187 0
149 8 661 166 685 187 0
150 8 663 166 687 186 0
151 8 665 166 689 186 0
152 8 667 165 691 185 0
153 8 669 165 692 185 0
154 8 670 166 694 186 0
155 8 672 166 695 186 0
156 8 673 166 696 186 0
157 8 675 167 698 187 0
158 8 676 167 699 186 0
159 8 677 166 700 186 0
160 8 678 166 702 186 0
161 8 678 166 702 186 0
162 8 679 166 702 185 0
163 8 679 165 703 185 0
164 8 680 165 703 185 0
165 8 681 165 704 184 0
166 8 680 165 703 184 0
167 8 679 165 702 184 0
168 8 678 165 702 184 0
169 8 677 165 701 184 0
170 8 677 165 700 185 0
171 8 676 166 699 185 0
172 8 675 167 698 186 0
173 8 674 167 697 186 0
174 8 673 166 695 185 0
175 8 671 166 694 185 0
176 8 671 167 694 186 0
177 8 671 168 694 187 0
178 8 671 168 694 187 0
179 8 671 168 694 187 0
180 8 671 168 694 187 0
181 8 671 168 694 187 0
182 8 671 167 693 186 0
183 8 671 168 693 187 0
184 8 671 169 693 188 0
185 8 671 170 693 188 0
186 8 671 169 692 187 0
187 8 670 168 692 186 0
188 8 670 167 691 186 0
189 8 670 167 691 185 0
190 8 670 168 691 186 0
191 8 670 168 691 187 0
192 8 669 169 690 187 0
193 8 669 169 690 187 0
194 8 668 169 690 187 0
195 8 668 169 689 187 0
196 8 668 169 689 187 0
197 8 668 169 689 187 0
198 8 668 169 689 187 0
199 8 669 169 689 187 0
200 8 669 169 690 187 0
201 8 670 169 690 187 0
202 8 670 169 690 187 0
203 8 671 169 691 186 0
204 8 671 169 691 187 0
205 8 672 170 691 187 0
210 6 597 174 620 191 0
211 6 591 175 616 193 0
212 6 584 175 611 194 0
213 6 577 175 605 196 0
214 6 569 176 599 197 0
215 6 561 176 594 199 0
216 6 553 175 588 200 0
217 6 543 175 582 202 0
218 6 533 176 575 206 0
219 6 520 178 567 210 0
220 6 506 179 559 214 0
221 6 490 180 549 220 0
222 6 470 181 539 226 0
223 6 444 181 526 234 0
224 6 408 183 509 246 0
225 6 359 184 488 263 0
226 6 279 187 457 290 0
227 6 130 191 409 342 0
228 6 2 198 324 373 0
229 6 2 213 153 373 0
230 4 397 183 425 218 0
230 5 419 178 447 216 0
231 4 380 183 410 221 0
231 5 403 178 434 219 0
232 4 360 184 393 224 0
232 5 385 178 418 222 0
233 4 336 184 373 228 0
233 5 364 178 401 226 0
234 4 309 184 350 232 0
234 5 340 177 380 230 0
235 4 277 185 324 237 0
235 5 310 177 356 235 0
236 4 238 185 292 243 0
236 5 274 178 327 241 0
237 4 190 186 254 250 0
237 5 230 178 292 250 0
238 4 129 186 206 259 0
238 5 172 179 248 260 0
239 4 53 188 146 272 0
239 5 97 180 192 274 0
240 4 2 190 68 290 0
240 5 2 181 117 294 0
241 4 2 193 2 315 0
241 5 2 181 20 320 0
242 5 2 181 2 362 0
243 5 2 181 2 373 0
244 5 2 180 2 373 0
245 5 2 178 2 373 0
246 5 2 2 2 373 0
340 2 475 177 491 204 0
341 2 470 177 486 205 0
342 2 464 177 481 206 0
343 2 457 177 475 207 0
344 2 450 178 469 210 0
345 2 442 178 462 213 0
346 2 433 180 455 216 0
347 2 423 179 446 217 0
348 2 412 177 437 218 0
349 2 400 176 426 220 0
350 2 385 177 414 223 0
351 2 368 177 400 228 0
352 2 349 178 383 232 0
353 2 325 178 363 238 0
354 2 297 179 340 245 0
355 2 261 178 309 252 0
356 2 215 178 272 261 0
357 2 157 177 223 272 0
358 2 77 175 159 287 0
359 2 2 173 69 309 0
390 3 520 174 545 196 0
391 3 518 174 543 196 0
392 3 515 174 542 197 0
393 3 512 173 540 197 0
394 3 509 173 538 198 0
395 3 505 173 535 199 0
396 3 501 172 532 199 0
397 3 497 172 529 199 0
398 3 492 171 526 200 0
399 3 487 171 522 201 0
400 3 481 171 519 203 0
400 7 337 180 372 239 1
401 3 475 171 515 204 0
401 7 310 180 349 245 1
402 3 469 168 510 203 0
402 7 278 180 322 252 1
403 3 461 166 505 201 0
403 7 238 180 290 261 1
404 3 453 166 500 204 0
404 7 188 181 249 272 1
405 3 445 169 494 208 0
405 7 122 181 197 286 1
406 3 436 169 488 211 0
406 7 33 182 127 306 1
407 3 425 170 482 215 0
408 3 414 169 475 217 0
409 3 401 168 467 219 0
410 3 386 167 459 222 0
411 3 369 166 449 225 0
412 3 348 166 438 230 0
413 3 323 164 425 235 0
414 3 293 163 410 241 0
415 3 256 162 393 248 0
416 3 210 159 372 258 0
417 3 149 156 346 270 0
418 3 68 152 315 286 0
419 3 2 146 274 310 0
