0 1 785 172 1030 328 0
0 2 717 168 806 228 0
0 3 575 178 619 208 0
0 4 698 137 754 208 0
0 6 597 174 631 199 0
0 53 483 180 535 212 0
0 61 2 184 123 373 0
1 1 795 172 1072 344 0
1 2 720 169 813 232 0
1 3 574 178 618 209 0
1 4 699 137 757 209 0
1 6 596 175 631 201 0
1 53 479 182 533 214 0
1 61 2 187 58 373 0
2 1 807 172 1123 363 0
2 2 723 171 821 235 0
2 3 572 179 618 211 0
2 4 700 136 760 210 0
2 6 596 176 631 202 0
2 53 476 183 531 216 0
2 61 2 190 2 373 0
3 1 821 172 1187 373 0
3 2 726 172 830 239 0
3 3 571 180 617 212 0
3 4 701 135 764 211 0
3 6 595 178 630 204 0
3 53 472 184 528 218 0
4 1 837 172 1240 373 0
4 2 729 172 838 242 0
4 3 569 181 617 214 0
4 4 702 134 767 213 0
4 6 594 178 630 204 0
4 53 468 184 526 219 0
5 1 856 172 1240 373 0
5 2 732 172 848 245 0
5 3 568 181 616 215 0
5 4 703 134 771 214 0
5 6 593 178 629 205 0
5 53 465 184 524 220 0
6 1 878 172 1240 373 0
6 2 735 172 858 248 0
6 3 566 181 615 216 0
6 4 704 133 775 216 0
6 6 593 178 629 205 0
6 53 461 184 521 220 0
7 1 904 172 1240 373 0
7 2 739 171 869 252 0
7 3 564 181 615 217 0
7 4 705 132 780 217 0
7 6 592 177 628 206 0
7 53 457 183 519 221 0
8 1 937 173 1240 373 0
8 2 743 171 881 256 0
8 3 562 181 614 217 0
8 4 706 131 784 219 0
8 6 591 177 628 206 0
8 53 451 184 515 222 0
9 1 978 173 1240 373 0
9 2 747 171 895 261 0
9 3 560 181 614 218 0
9 4 707 130 789 221 0
9 6 590 177 627 207 0
9 53 446 184 511 224 0
10 1 1031 175 1240 373 0
10 2 752 171 911 266 0
10 3 558 180 613 218 0
10 4 709 129 795 223 1
10 6 589 177 627 207 0
10 53 440 185 507 225 0
11 1 1102 181 1240 373 0
11 2 757 171 928 271 0
11 3 555 181 612 220 0
11 4 710 128 800 225 1
11 6 587 177 626 208 0
11 53 434 185 503 227 0
12 2 762 171 947 278 0
12 3 553 181 611 221 0
12 4 712 126 807 227 1
12 6 586 177 625 208 0
12 53 427 186 499 229 0
13 2 768 171 970 285 0
13 3 550 182 609 223 0
13 4 715 125 814 229 1
13 6 584 178 624 209 0
13 53 420 186 494 231 0
14 2 774 171 995 294 0
14 3 546 182 608 224 0
14 4 715 123 818 231 1
14 6 583 179 623 211 0
14 53 413 187 489 232 0
15 2 781 170 1025 304 0
15 3 543 183 607 226 0
15 4 716 122 823 233 1
15 6 581 179 622 212 0
15 53 404 187 483 235 0
16 2 789 170 1060 316 0
16 3 540 183 605 228 0
16 4 716 120 829 236 1
16 6 578 180 621 213 0
16 53 395 188 476 237 0
17 2 798 170 1102 330 0
17 3 535 183 603 229 0
17 4 717 118 835 238 1
17 6 575 180 618 214 0
17 53 385 189 469 239 0
18 2 807 169 1149 345 0
18 3 530 183 600 231 0
18 4 717 116 841 241 1
18 6 572 179 616 214 0
18 53 375 190 462 242 0
19 2 816 169 1206 363 0
19 3 525 183 597 232 0
19 4 718 114 848 245 1
19 6 568 179 613 215 0
19 53 363 190 454 245 0
20 2 827 168 1240 373 0
20 3 520 183 594 234 0
20 4 718 112 855 248 1
20 5 694 173 737 206 0
20 6 564 179 610 215 0
20 8 682 174 706 194 0
20 22 815 153 848 250 1
20 53 351 191 446 248 0
21 2 840 167 1240 373 0
21 3 514 184 591 236 0
21 4 719 110 864 252 1
21 5 693 174 737 207 0
21 6 560 179 607 216 0
21 8 679 174 703 195 0
21 22 821 152 856 253 1
21 53 339 192 437 251 0
22 2 854 166 1240 373 0
22 3 508 184 588 238 0
22 4 720 107 872 256 1
22 5 690 173 736 207 0
22 6 555 179 604 218 0
22 8 677 175 701 195 0
22 22 827 150 865 257 1
22 53 325 192 428 254 0
23 2 870 165 1240 373 0
23 3 501 184 584 240 0
23 4 720 104 882 260 1
23 5 688 173 735 207 0
23 6 551 180 600 219 0
23 8 674 175 699 195 0
23 22 835 148 875 261 1
23 53 310 193 417 257 0
24 2 889 163 1240 373 0
24 3 493 185 580 243 0
24 4 721 100 893 264 1
24 5 685 173 734 209 0
24 6 546 180 597 220 0
24 8 671 175 696 196 0
24 22 843 146 885 265 1
24 53 293 194 406 261 0
25 2 912 159 1240 373 0
25 3 484 185 575 246 0
25 4 721 96 905 269 1
25 5 683 174 732 210 0
25 6 541 180 593 221 0
25 8 669 175 694 196 0
25 22 851 144 897 269 1
25 53 276 195 394 265 0
26 2 940 153 1240 373 0
26 3 475 186 569 249 0
26 4 722 92 918 274 1
26 5 680 175 731 211 0
26 6 536 180 589 222 0
26 8 666 175 692 197 0
26 22 861 142 910 274 1
26 53 256 196 381 269 0
27 2 974 136 1240 373 0
27 3 465 187 564 253 0
27 4 722 87 931 280 1
27 5 678 174 730 211 0
27 6 530 181 585 224 0
27 8 664 175 690 197 0
27 22 872 139 925 280 1
27 53 234 197 366 274 0
28 2 1017 2 1240 373 0
28 3 454 188 558 256 0
28 4 722 82 946 286 1
28 5 676 173 728 211 0
28 6 524 181 581 225 0
28 8 661 175 687 197 0
28 22 884 136 941 286 1
28 53 211 199 350 280 0
29 2 1073 2 1240 373 0
29 3 446 188 554 260 0
29 4 722 76 963 292 1
29 5 674 172 727 211 0
29 6 519 181 578 226 0
29 8 658 174 685 196 0
29 22 898 132 960 294 1
29 53 187 200 334 286 0
30 2 1149 2 1240 373 0
30 3 437 189 551 263 0
30 4 722 70 982 300 1
30 5 672 171 725 211 0
30 6 513 180 574 227 0
30 7 706 174 803 250 0
30 8 656 174 683 196 0
30 22 914 128 983 302 1
30 53 161 202 317 292 0
31 3 427 189 547 267 0
31 4 722 62 1003 309 1
31 5 670 171 725 211 0
31 6 508 180 570 228 0
31 7 706 174 807 253 0
31 8 653 173 680 196 0
31 22 933 124 1008 312 1
31 53 131 203 298 300 0
32 3 415 191 542 274 0
32 4 724 56 1030 322 1
32 5 668 173 724 214 0
32 6 501 182 566 232 0
32 7 705 175 811 257 0
32 8 650 175 678 198 0
32 22 958 124 1043 329 1
32 53 98 205 277 308 0
33 3 403 193 536 281 0
33 4 726 49 1061 338 1
33 5 666 175 723 218 0
33 6 494 185 561 236 0
33 7 704 175 816 261 0
33 8 648 177 675 201 0
33 22 988 123 1084 348 1
33 53 60 208 252 317 0
34 3 389 195 531 288 0
34 4 728 41 1097 357 1
34 5 664 178 722 221 0
34 6 487 187 556 240 0
34 7 703 175 821 266 0
34 8 645 179 673 203 0
34 22 1023 123 1133 371 1
34 53 17 210 225 328 0
35 3 373 198 524 297 0
35 4 731 31 1142 373 1
35 5 662 180 720 225 0
35 6 481 188 553 243 0
35 7 702 176 827 271 0
35 8 642 181 671 206 0
35 22 1066 122 1195 373 1
35 53 2 213 194 340 0
36 3 356 201 518 306 0
36 4 734 19 1197 373 1
36 5 660 183 719 229 0
36 6 474 189 549 246 0
36 7 703 178 835 277 0
36 8 639 183 668 208 0
36 22 1119 122 1240 373 1
36 53 2 217 158 355 0
37 3 338 198 511 310 0
37 4 739 2 1240 373 1
37 5 658 180 720 227 0
37 6 466 187 544 245 0
37 7 703 180 843 285 0
37 8 637 181 666 205 0
37 22 1186 121 1240 373 1
37 53 2 221 115 372 0
38 3 317 196 504 314 0
38 4 744 2 1240 373 1
38 5 657 176 720 224 0
38 6 458 184 538 243 0
38 7 704 177 853 287 0
38 8 635 178 665 203 0
38 53 2 225 65 373 0
39 3 294 193 497 318 0
39 4 750 2 1240 373 1
39 5 656 173 721 222 0
39 6 451 181 534 242 0
39 7 704 173 864 290 0
39 8 632 174 663 200 0
40 3 268 192 488 324 0
40 4 756 2 1240 373 1
40 5 654 169 721 219 0
40 6 444 178 530 241 0
40 7 705 169 876 293 0
40 8 630 171 661 197 0
40 12 671 155 708 181 0
41 3 238 190 479 331 0
41 4 764 2 1240 373 1
41 5 653 167 723 219 0
41 6 436 175 526 239 0
41 7 706 165 890 297 0
41 8 628 168 660 195 0
41 12 669 151 706 178 0
42 3 202 188 469 340 0
42 4 772 2 1240 373 1
42 5 652 165 724 218 0
42 6 427 171 521 238 0
42 7 710 163 906 304 0
42 8 627 166 659 192 0
42 12 668 148 705 175 0
43 3 161 185 458 350 0
43 4 782 2 1240 373 1
43 5 651 163 726 218 0
43 6 420 172 517 241 0
43 7 714 162 925 312 0
43 8 625 163 658 190 0
43 12 667 148 705 175 0
44 3 118 189 450 373 0
44 4 794 2 1240 373 1
44 5 651 165 727 221 0
44 6 412 173 512 245 0
44 7 718 160 947 322 0
44 8 625 165 658 192 0
44 12 666 148 704 175 0
45 3 66 193 440 373 0
45 4 810 2 1240 373 1
45 5 651 166 729 224 0
45 6 404 176 508 251 0
45 7 724 163 974 338 0
45 8 625 167 658 194 0
45 12 667 152 705 179 0
46 3 2 197 430 373 0
46 4 829 2 1240 373 1
46 5 654 171 734 231 0
46 6 396 179 504 257 0
46 7 731 167 1005 356 0
46 8 626 173 660 201 0
46 12 667 155 706 182 0
47 3 2 202 418 373 0
47 4 852 2 1240 373 1
47 5 657 177 740 238 0
47 6 388 184 502 267 0
47 7 738 171 1043 373 0
47 8 628 179 662 207 0
47 12 669 160 707 188 0
48 3 2 208 404 373 0
48 4 881 2 1240 373 1
48 5 660 182 746 246 0
48 6 380 190 500 278 0
48 7 746 177 1094 373 0
48 8 629 183 664 212 0
48 12 670 165 709 193 0
49 3 2 209 389 373 0
49 4 918 2 1240 373 1
49 5 662 180 751 245 0
49 6 371 188 498 281 0
49 7 756 182 1159 373 0
49 8 631 180 666 210 0
49 12 672 166 711 194 0
50 3 2 210 372 373 0
50 4 968 2 1240 373 0
50 5 664 177 756 245 0
50 6 361 187 495 283 0
50 7 768 179 1240 373 0
50 8 632 178 668 208 0
50 12 673 162 712 190 0
51 3 2 212 351 373 0
51 4 1037 2 1240 373 0
51 5 666 173 762 244 0
51 6 349 184 492 284 0
51 7 781 172 1240 373 0
51 8 633 175 670 205 0
51 12 675 157 714 186 0
52 3 2 213 326 373 0
52 5 669 170 768 243 0
52 6 336 181 488 285 0
52 7 797 161 1240 373 0
52 8 635 172 672 203 0
52 12 677 152 716 181 0
53 3 2 215 295 373 0
53 5 671 166 775 242 0
53 6 321 176 484 287 0
53 7 816 146 1240 373 0
53 8 637 168 674 200 0
53 12 678 151 718 180 0
54 3 2 218 256 373 0
54 5 675 167 784 247 0
54 6 305 174 480 291 0
54 7 841 137 1240 373 0
54 8 638 169 676 201 0
54 12 679 150 719 179 0
55 3 2 221 206 373 0
55 5 679 169 793 252 0
55 6 285 178 475 303 0
55 7 871 121 1240 373 0
55 8 640 169 679 202 0
55 12 681 151 721 181 0
56 5 683 170 803 257 0
56 6 262 182 469 318 0
56 7 910 64 1240 373 0
56 8 641 172 681 206 0
56 12 683 153 724 183 0
57 5 686 173 812 263 0
57 6 236 185 463 334 0
57 8 642 176 683 210 0
57 12 684 157 725 187 0
58 5 689 176 822 270 0
58 6 203 186 455 348 0
58 8 644 179 685 214 0
58 12 685 161 726 191 0
59 5 693 178 833 278 0
59 6 164 186 446 364 0
59 8 644 178 687 214 0
59 12 686 161 727 192 0
60 5 696 177 846 283 0
60 6 117 187 437 373 0
60 8 645 177 688 214 0
60 12 687 162 728 192 0
61 5 700 176 859 288 0
61 6 61 185 427 373 0
61 8 645 176 690 213 0
61 12 687 159 728 191 0
62 5 704 175 875 294 0
62 6 2 188 415 373 0
62 8 646 175 691 213 0
62 12 688 157 729 189 0
63 5 709 175 894 303 0
63 6 2 191 401 373 0
63 8 647 177 693 215 0
63 12 689 158 731 190 0
64 5 714 175 915 313 0
64 6 2 195 385 373 0
64 8 648 178 696 218 0
64 12 691 160 733 192 0
65 5 720 175 941 324 0
65 6 2 198 367 373 0
65 8 649 179 698 220 0
65 12 692 161 735 194 0
66 5 729 172 975 335 0
66 6 2 200 345 373 0
66 8 652 177 703 219 0
66 12 695 158 738 191 0
67 5 739 168 1017 348 0
67 6 2 203 318 373 0
67 8 655 175 707 218 0
67 12 699 155 741 188 0
68 5 750 163 1068 365 0
68 6 2 207 285 373 0
68 8 658 173 712 218 0
68 12 702 152 744 186 0
69 5 762 157 1133 373 0
69 6 2 212 243 373 0
69 8 662 171 718 217 0
69 12 705 149 747 183 0
70 5 777 158 1221 373 0
70 6 2 219 188 373 0
70 8 666 175 725 221 0
70 12 709 152 751 186 0
71 5 794 161 1240 373 0
71 8 670 178 732 227 0
71 12 713 155 755 190 0
72 5 815 164 1240 373 0
72 8 674 178 738 228 0
72 12 716 156 760 192 0
73 5 839 170 1240 373 0
73 8 678 178 745 229 0
73 12 720 157 765 193 0
74 5 869 180 1240 373 0
74 8 681 178 752 231 0
74 12 724 155 769 192 0
75 5 901 172 1240 373 0
75 8 685 177 760 232 0
75 12 728 153 773 190 0
76 5 942 114 1240 373 0
76 8 690 177 768 234 0
76 12 732 151 778 189 0
77 5 995 2 1240 373 0
77 8 694 176 776 235 0
77 12 736 149 782 187 0
78 5 1069 2 1240 373 0
78 8 700 174 787 236 0
78 12 740 147 787 185 0
79 8 706 172 798 236 0
79 12 744 145 791 184 0
80 8 712 173 809 240 0
80 12 749 147 796 187 0
81 8 718 175 821 245 0
81 12 754 150 801 190 0
82 8 724 177 834 250 0
82 12 758 152 806 193 0
83 8 732 179 849 256 0
83 12 763 150 812 191 0
84 8 738 177 864 258 0
84 12 767 148 817 190 0
85 8 746 174 881 260 0
85 12 772 146 823 188 0
86 8 754 172 900 263 0
86 12 776 143 829 187 0
87 8 763 169 921 266 0
87 12 779 141 833 184 0
88 8 770 169 943 273 0
88 12 781 138 837 183 0
89 8 779 170 968 281 0
89 12 785 141 840 186 0
90 8 789 175 997 294 0
90 9 762 166 879 249 0
90 10 758 156 835 226 0
90 12 789 144 844 190 0
91 8 800 180 1030 310 0
91 9 766 168 891 255 0
91 10 763 160 845 232 0
91 12 793 147 847 194 0
92 8 811 180 1068 322 0
92 9 771 170 906 262 0
92 10 766 159 852 235 0
92 12 794 147 849 194 0
93 8 823 181 1113 337 0
93 9 777 172 921 269 0
93 10 769 159 860 237 0
93 12 795 147 852 195 0
94 8 837 181 1168 355 0
94 9 783 174 939 277 0
94 10 772 158 868 240 0
94 12 796 147 854 196 0
95 8 853 182 1237 373 0
95 9 789 177 959 286 0
95 10 774 159 876 244 0
95 12 796 147 854 197 0
96 8 870 183 1240 373 0
96 9 794 177 978 294 0
96 10 776 159 884 248 0
96 12 795 148 853 198 0
97 8 889 185 1240 373 0
97 9 799 177 1000 302 0
97 10 778 159 894 252 0
97 12 795 149 853 200 0
98 8 912 187 1240 373 0
98 9 805 177 1026 312 0
98 10 781 159 904 257 0
98 12 794 149 853 201 0
99 8 940 190 1240 373 0
99 9 812 177 1056 324 0
99 10 783 158 913 260 0
99 12 792 148 851 201 0
100 8 974 193 1240 373 0
100 9 819 177 1093 338 0
100 10 785 156 922 263 0
100 11 784 168 837 219 0
100 12 790 147 849 201 0
101 8 1017 197 1240 373 0
101 9 827 177 1136 355 0
101 10 787 153 932 267 0
101 11 783 167 835 220 0
101 12 788 146 848 200 0
102 9 837 177 1191 373 0
102 10 789 151 944 272 0
102 11 782 167 836 220 0
102 12 786 144 846 200 0
103 9 849 178 1240 373 0
103 10 792 151 961 279 0
103 11 783 167 838 223 0
103 12 784 145 846 202 0
104 9 864 179 1240 373 0
104 10 795 151 980 288 0
104 11 783 168 841 225 0
104 12 783 146 845 204 0
105 9 881 180 1240 373 0
105 10 798 151 1002 298 0
105 11 784 169 844 228 0
105 12 781 147 845 206 0
106 9 900 181 1240 373 0
106 10 802 151 1027 310 0
106 11 784 170 847 230 0
106 12 779 148 844 208 0
107 9 924 182 1240 373 0
107 10 806 149 1058 321 0
107 11 784 167 852 230 0
107 12 778 145 844 207 0
108 9 952 184 1240 373 0
108 10 812 146 1096 334 0
108 11 785 165 857 230 0
108 12 777 143 844 205 0
109 9 988 186 1240 373 0
109 10 818 142 1141 349 0
109 11 785 164 862 232 0
109 12 776 140 843 204 0
110 9 1032 188 1240 373 0
110 10 825 137 1196 369 0
110 11 786 164 867 234 0
110 12 775 139 843 205 0
110 54 817 186 872 262 0
111 9 1090 191 1240 373 0
111 10 837 133 1240 373 0
111 11 788 163 872 236 0
111 12 774 139 843 206 0
111 54 824 185 884 265 0
112 9 1170 195 1240 373 0
112 10 850 126 1240 373 0
112 11 790 163 878 238 0
112 12 773 139 843 207 0
112 54 833 184 897 269 0
113 10 866 118 1240 373 0
113 11 793 162 885 241 0
113 12 772 138 843 208 0
113 54 844 185 911 275 0
114 10 884 106 1240 373 0
114 11 795 161 892 244 0
114 12 773 136 845 208 0
114 54 857 185 926 282 0
115 10 905 89 1240 373 0
115 11 799 159 902 246 0
115 12 773 134 846 207 0
115 54 871 186 943 289 0
116 10 930 59 1240 373 0
116 11 802 157 913 248 0
116 12 774 132 848 207 0
116 54 888 187 963 298 0
117 10 961 2 1240 373 0
117 11 807 156 926 252 0
117 12 775 131 850 209 0
117 54 907 188 985 308 0
118 10 998 2 1240 373 0
118 11 811 155 940 256 0
118 12 777 131 852 210 0
118 54 929 190 1010 320 0
119 10 1045 2 1240 373 0
119 11 816 153 955 261 0
119 12 778 131 855 212 0
119 54 954 190 1039 334 0
120 10 1107 2 1240 373 0
120 11 822 152 973 266 0
120 12 780 130 857 214 1
120 54 984 191 1073 351 0
120 66 819 155 838 188 0
121 11 829 153 994 275 0
121 12 781 130 859 216 1
121 54 1022 192 1113 372 0
121 66 823 157 843 191 0
122 11 837 155 1018 285 0
122 12 783 129 862 217 1
122 54 1070 193 1175 373 0
122 66 825 155 846 190 0
123 11 845 150 1046 290 0
123 12 784 125 864 216 1
123 54 1131 194 1240 373 0
123 66 828 153 850 189 0
124 11 854 145 1078 295 0
124 12 785 121 866 214 1
124 54 1193 195 1240 373 0
124 66 831 151 853 188 0
125 11 865 138 1115 301 0
125 12 787 116 868 213 1
125 66 834 148 857 187 0
126 11 875 139 1159 317 0
126 12 789 117 870 217 1
126 66 838 150 862 190 0
127 11 886 140 1211 337 0
127 12 791 118 873 221 1
127 66 842 152 866 193 0
128 11 898 141 1240 361 0
128 12 793 119 879 225 1
128 66 846 154 871 196 0
129 11 913 142 1240 373 0
129 12 797 122 886 233 1
129 66 850 156 876 200 0
130 11 929 144 1240 373 0
130 12 799 121 891 235 1
130 55 745 167 777 208 0
130 66 851 159 878 203 0
131 11 949 147 1240 373 0
131 12 798 122 894 240 1
131 55 735 170 769 212 0
131 66 852 161 880 207 0
132 11 971 151 1240 373 0
132 12 798 123 897 246 1
132 55 727 172 762 215 0
132 66 853 164 882 211 0
133 11 993 144 1240 373 0
133 12 797 118 900 245 1
133 55 716 169 752 214 0
133 66 852 160 883 210 0
134 11 1019 133 1240 373 0
134 12 796 112 903 245 1
134 55 705 167 742 212 0
134 66 851 157 884 208 0
135 11 1051 113 1240 373 0
135 12 793 106 906 244 1
135 55 692 163 732 211 0
135 66 851 153 885 206 0
136 11 1090 56 1240 373 0
136 12 791 104 910 247 1
136 55 682 164 721 213 0
136 66 852 154 889 209 0
137 11 1140 2 1240 373 0
137 12 788 101 914 251 1
137 55 671 165 710 216 0
137 66 853 155 892 212 0
138 12 785 98 918 255 1
138 55 660 166 698 219 0
138 66 854 156 896 216 0
139 12 782 95 923 260 1
139 55 650 166 688 221 0
139 66 857 154 899 217 0
140 12 779 92 928 265 1
140 55 639 167 678 224 1
140 66 860 152 902 217 1
141 12 778 89 938 272 1
141 55 627 167 667 227 1
141 66 863 150 906 218 1
142 12 777 87 948 279 1
142 55 614 167 655 230 1
142 66 867 151 914 222 1
143 12 776 84 960 288 1
143 55 603 169 645 234 1
143 66 871 151 922 227 1
144 12 775 81 973 297 1
144 55 592 170 633 239 1
144 66 876 152 932 233 1
145 12 773 77 987 308 1
145 55 579 171 621 244 1
145 66 882 153 943 239 1
146 12 772 72 1004 320 1
146 55 567 170 610 247 1
146 66 889 154 955 246 1
147 12 772 62 1029 329 1
147 55 554 168 598 250 1
147 66 903 152 975 250 1
148 12 772 50 1058 339 1
148 55 539 167 584 254 1
148 66 919 150 998 255 1
149 12 773 36 1093 351 1
149 55 525 165 574 258 1
149 66 937 147 1024 261 1
150 12 773 18 1134 365 1
150 13 765 170 888 265 0
150 55 509 164 562 264 1
150 66 958 144 1055 268 1
151 12 779 4 1189 373 1
151 13 764 169 896 268 0
151 55 490 162 548 270 1
151 66 983 141 1091 276 1
152 12 785 2 1240 373 1
152 13 769 167 911 272 0
152 55 473 165 538 282 1
152 66 1012 137 1135 286 1
153 12 792 2 1240 373 1
153 13 772 167 925 278 0
153 55 454 167 526 296 1
153 66 1047 132 1189 298 1
154 12 804 2 1240 373 1
154 13 776 166 941 284 0
154 55 430 171 512 313 1
154 66 1090 125 1240 313 1
155 12 818 2 1240 373 1
155 13 780 165 958 291 0
155 55 400 176 495 334 1
155 66 1144 117 1240 332 1
156 12 829 2 1240 373 1
156 13 785 164 979 299 0
156 55 365 174 476 353 1
157 12 841 2 1240 373 1
157 13 790 163 1002 308 0
157 55 320 173 453 373 1
158 12 856 2 1240 373 1
158 13 795 162 1029 318 0
158 55 259 170 424 373 1
159 12 873 2 1240 373 1
159 13 802 161 1060 330 0
159 55 172 167 386 373 1
160 12 893 2 1240 373 0
160 13 808 159 1098 345 0
160 15 865 157 943 196 0
160 55 38 162 335 373 0
161 12 919 2 1240 373 0
161 13 815 157 1140 359 0
161 15 866 155 945 195 0
161 55 2 153 261 373 0
162 12 950 2 1240 373 0
162 13 823 153 1191 373 0
162 15 867 153 946 194 0
163 12 991 2 1240 373 0
163 13 832 149 1240 373 0
163 15 867 155 947 196 0
164 12 1044 2 1240 373 0
164 13 844 151 1240 373 0
164 15 869 160 950 202 0
165 12 1118 2 1240 373 0
165 13 857 152 1240 373 0
165 15 870 165 953 208 0
166 13 873 154 1240 373 0
166 15 872 170 956 214 0
167 13 891 158 1240 373 0
167 15 872 168 956 213 0
168 13 912 163 1240 373 0
168 15 873 167 957 212 0
169 13 933 161 1240 373 0
169 15 874 168 960 214 0
170 13 959 158 1240 373 0
170 14 915 178 1090 305 0
170 15 876 169 963 216 0
170 16 1036 158 1139 226 0
170 17 922 168 1004 208 0
171 13 991 144 1240 373 0
171 14 933 180 1110 317 0
171 15 878 170 966 219 0
171 16 1041 160 1145 230 0
171 17 922 169 1005 210 0
172 13 1031 2 1240 373 0
172 14 945 183 1133 330 0
172 15 878 171 965 220 0
172 16 1047 163 1152 235 0
172 17 923 170 1007 211 0
173 13 1082 180 1240 373 0
173 14 958 186 1163 344 0
173 15 877 171 964 221 0
173 16 1050 162 1155 236 0
173 17 924 171 1008 213 0
174 14 972 184 1196 354 0
174 15 873 170 961 221 0
174 16 1053 162 1159 237 0
174 17 919 169 1004 212 0
175 14 989 182 1234 365 0
175 15 869 169 957 221 0
175 16 1056 161 1163 239 0
175 17 917 170 1001 213 0
176 14 1004 187 1240 373 0
176 15 862 173 951 226 0
176 16 1049 169 1160 248 0
176 17 908 173 991 217 0
177 14 1022 193 1240 373 0
177 15 855 176 944 231 0
177 16 1049 169 1157 250 0
177 17 899 177 981 222 0
178 14 1033 199 1240 373 0
178 15 848 175 936 231 0
178 16 1048 168 1153 252 0
178 17 889 177 970 222 0
179 14 1036 201 1240 373 0
179 15 834 175 923 231 0
179 16 1040 167 1144 252 0
179 17 878 177 958 223 0
180 14 1039 203 1240 373 0
180 15 819 174 909 231 0
180 16 1030 167 1135 253 0
180 17 862 175 942 222 0
180 25 973 170 1005 196 0
181 14 1043 206 1240 373 0
181 15 802 173 894 231 0
181 16 1019 167 1125 255 0
181 17 845 174 925 221 0
181 25 952 169 983 194 0
182 14 1047 209 1240 373 0
182 15 785 172 878 232 0
182 16 1007 166 1115 256 0
182 17 828 172 908 219 0
182 25 931 169 962 194 0
183 14 1052 212 1240 373 0
183 15 766 171 861 232 0
183 16 994 165 1104 257 0
183 17 809 173 890 220 0
183 25 910 169 940 194 0
184 14 1062 213 1240 373 0
184 15 747 171 844 232 0
184 16 977 164 1093 258 0
184 17 790 173 871 221 0
184 25 889 168 919 194 0
185 14 1074 214 1240 373 0
185 15 729 167 826 230 0
185 16 960 163 1080 259 0
185 17 772 168 853 218 0
185 25 868 164 897 190 0
186 14 1088 215 1240 373 0
186 15 711 163 808 228 0
186 16 948 155 1066 253 0
186 17 753 163 835 214 0
186 25 846 161 876 186 0
187 14 1104 216 1240 373 0
187 15 691 167 787 233 0
187 16 929 159 1053 260 0
187 17 731 168 815 219 0
187 25 824 161 853 186 0
188 14 1124 218 1240 373 0
188 15 669 171 766 238 0
188 16 909 164 1039 267 0
188 17 709 172 794 224 0
188 25 800 166 830 191 0
189 15 647 174 744 244 0
189 16 888 169 1024 275 0
189 17 686 176 772 229 0
189 25 777 171 807 196 0
190 15 624 174 723 246 0
190 16 866 175 1009 283 0
190 17 662 176 751 230 0
190 18 847 178 891 213 0
190 25 753 176 784 201 0
191 15 600 173 701 247 0
191 16 849 172 996 284 0
191 17 638 176 729 231 0
191 18 825 179 869 213 0
191 25 731 175 762 200 0
192 15 575 172 678 249 0
192 16 831 170 983 285 0
192 17 612 176 706 232 0
192 18 803 177 847 212 0
192 25 709 174 740 199 0
193 15 547 172 654 251 0
193 16 812 167 968 286 0
193 17 588 175 685 233 0
193 18 780 174 825 210 0
193 25 687 172 717 198 0
194 15 524 172 634 254 0
194 16 797 168 960 291 0
194 17 563 175 663 234 0
194 18 758 174 803 209 0
194 25 664 171 695 197 0
195 15 501 173 616 258 0
195 16 780 169 951 297 0
195 17 545 176 647 236 0
195 18 739 178 785 213 0
195 25 647 172 677 198 0
196 15 477 173 598 263 0
196 16 772 168 952 302 0
196 17 526 177 631 238 0
196 18 724 176 771 212 0
196 25 629 172 658 199 0
197 15 449 174 578 268 0
197 16 763 168 953 308 0
197 17 511 175 618 239 0
197 18 707 174 756 211 0
197 25 615 172 645 198 0
198 15 432 173 567 271 0
198 16 753 167 954 315 0
198 17 494 174 605 240 0
198 18 698 174 746 211 0
198 25 600 171 631 198 0
199 15 412 172 556 276 0
199 16 743 166 955 323 0
199 17 483 174 595 242 0
199 18 689 174 737 212 0
199 25 593 171 623 198 0
200 15 391 172 544 280 0
200 16 743 165 971 331 0
200 17 470 174 585 245 0
200 18 684 174 732 212 0
200 19 717 176 830 257 0
200 21 460 162 487 233 0
200 23 474 165 488 225 0
200 25 585 170 616 198 0
200 26 674 172 709 201 0
200 60 482 166 498 227 0
201 15 374 174 537 289 0
201 16 742 165 989 344 0
201 17 456 175 575 248 0
201 18 679 174 728 213 0
201 19 714 174 833 259 0
201 21 449 160 477 233 0
201 23 465 165 479 226 0
201 25 578 169 608 197 0
201 26 669 169 704 197 0
201 60 471 166 488 228 0
202 15 355 177 529 298 0
202 16 742 166 1011 358 0
202 17 446 178 568 254 0
202 18 673 174 724 213 0
202 19 712 178 837 266 0
202 21 440 164 468 238 0
202 23 458 167 473 230 0
202 25 574 171 605 200 0
202 26 664 172 699 201 0
202 60 464 169 481 232 0
203 15 333 179 521 308 0
203 16 741 166 1036 373 0
203 17 436 181 560 261 0
203 18 671 179 722 219 0
203 19 710 182 841 275 0
203 21 430 168 459 244 0
203 23 451 170 466 234 0
203 25 569 173 601 202 0
203 26 659 176 694 205 0
203 60 455 171 473 236 0
204 15 309 182 513 320 0
204 16 740 167 1065 373 0
204 17 426 183 555 266 0
204 18 668 180 721 221 0
204 19 711 181 849 278 0
204 21 423 170 453 249 0
204 23 444 173 459 238 0
204 25 565 175 597 204 0
204 26 654 179 690 209 0
204 60 448 174 466 240 0
205 15 281 184 503 334 0
205 16 747 164 1114 373 0
205 17 416 184 551 271 0
205 18 666 180 720 222 0
205 19 711 181 858 282 0
205 21 415 173 446 253 0
205 23 437 172 453 239 0
205 25 560 178 593 207 0
205 26 652 178 688 209 0
205 60 440 177 459 244 0
206 15 257 181 495 341 0
206 16 755 162 1174 373 0
206 17 404 185 546 276 0
206 18 664 180 719 223 0
206 19 712 180 868 286 0
206 21 408 170 440 252 0
206 23 430 171 446 239 0
206 25 556 180 589 210 0
206 26 650 178 687 208 0
206 60 434 173 454 242 0
207 15 230 177 487 349 0
207 16 763 158 1240 373 0
207 17 393 184 542 278 0
207 18 662 180 719 223 0
207 19 713 179 879 290 0
207 21 401 166 434 251 0
207 23 424 169 440 239 0
207 25 553 176 586 206 0
207 26 648 177 686 208 0
207 60 429 170 449 241 0
208 15 197 177 479 364 0
208 16 773 153 1240 373 0
208 17 382 183 537 281 0
208 18 660 175 719 220 0
208 19 714 177 892 295 0
208 21 393 163 427 250 0
208 23 417 166 434 238 0
208 25 551 172 584 203 0
208 26 646 173 685 205 0
208 60 423 167 444 240 0
209 15 157 176 470 373 0
209 16 785 147 1240 373 0
209 17 369 182 533 284 0
209 18 658 171 719 216 0
209 19 715 176 906 301 0
209 21 385 159 420 249 0
209 23 410 164 428 237 0
209 25 548 168 582 199 0
209 26 645 169 684 201 0
209 60 417 164 439 239 0
210 15 108 176 460 373 0
210 16 798 138 1240 373 0
210 17 354 180 528 287 0
210 18 659 171 721 218 0
210 19 719 176 925 309 0
210 21 377 161 413 253 1
210 23 404 164 422 239 1
210 25 546 169 580 201 0
210 26 644 170 684 202 0
210 60 411 165 433 241 1
210 64 634 165 659 190 0
211 15 47 175 450 373 0
211 16 811 134 1240 373 0
211 17 338 178 522 291 0
211 18 659 173 723 220 0
211 19 723 176 948 318 0
211 21 369 164 406 259 1
211 23 397 165 416 242 1
211 25 544 170 579 202 0
211 26 644 170 684 203 0
211 60 405 166 427 244 1
211 64 633 167 659 192 0
212 15 2 177 439 373 0
212 16 827 128 1240 373 0
212 17 322 180 518 299 0
212 18 659 174 725 222 0
212 19 727 178 972 330 0
212 21 359 162 398 260 1
212 23 391 165 410 244 1
212 25 542 172 578 204 0
212 26 643 171 684 204 0
212 60 398 166 421 247 1
212 64 632 168 658 194 0
213 15 2 180 427 373 0
213 16 846 113 1240 373 0
213 17 304 181 513 308 0
213 18 659 175 726 224 0
213 19 732 179 1001 344 0
213 21 349 163 389 264 1
213 23 383 166 403 247 1
213 25 540 173 576 206 0
213 26 642 172 684 205 0
213 60 390 167 415 250 1
213 64 632 170 658 196 0
214 15 2 182 413 373 0
214 16 877 19 1240 373 0
214 17 284 182 508 319 0
214 18 659 176 728 227 0
214 19 737 180 1035 361 0
214 21 339 164 381 269 1
214 23 376 166 396 249 1
214 25 538 174 575 207 0
214 26 642 174 685 208 0
214 60 383 168 408 253 1
214 64 631 171 657 198 0
215 15 2 184 398 373 0
215 16 916 2 1240 373 0
215 17 260 184 502 330 0
215 18 658 177 730 229 0
215 19 743 181 1075 373 0
215 21 328 166 372 274 1
215 23 368 167 389 252 1
215 25 536 175 573 209 0
215 26 641 177 685 212 0
215 60 375 169 401 257 1
215 64 631 173 657 199 0
216 15 2 186 379 373 0
216 16 968 2 1240 373 0
216 17 233 186 496 344 0
216 18 658 178 732 231 0
216 19 749 183 1123 373 0
216 21 316 167 362 279 1
216 23 361 169 383 257 1
216 25 534 177 571 211 0
216 26 641 177 686 213 0
216 60 366 171 394 262 1
216 64 630 175 657 201 0
217 15 2 189 358 373 0
217 17 202 187 489 360 0
217 18 658 178 734 232 0
217 19 756 184 1184 373 0
217 21 304 169 351 285 1
217 23 353 171 376 262 1
217 25 532 178 570 213 0
217 26 640 178 686 214 0
217 60 357 173 386 267 1
217 64 629 175 656 202 0
218 15 2 192 333 373 0
218 17 165 189 481 373 0
218 18 658 178 736 234 0
218 19 764 186 1240 373 0
218 21 290 170 340 291 1
218 23 344 173 368 267 1
218 25 530 177 568 213 0
218 26 640 178 686 215 0
218 60 348 175 377 272 1
218 64 628 175 655 202 0
219 15 2 195 302 373 0
219 17 121 191 473 373 0
219 18 658 178 739 236 0
219 19 774 187 1240 373 0
219 21 278 167 330 293 1
219 23 334 171 358 268 1
219 25 528 177 567 213 0
219 26 639 176 686 213 0
219 60 339 175 370 275 1
219 64 627 173 654 200 0
220 15 2 200 264 373 0
220 17 68 194 464 373 0
220 18 659 176 742 235 0
220 19 784 189 1240 373 0
220 20 300 187 477 301 0
220 21 265 164 319 294 1
220 23 322 168 348 268 1
220 25 526 176 566 212 0
220 26 638 174 686 212 0
220 60 330 175 362 278 1
220 64 626 170 653 198 0
221 15 2 206 216 373 0
221 17 2 194 454 373 0
221 18 659 174 745 235 0
221 19 798 191 1240 373 0
221 20 280 186 469 307 0
221 21 249 162 307 298 1
221 23 311 166 338 270 1
221 25 523 175 564 212 0
221 26 637 172 686 210 0
221 60 320 174 353 281 1
221 64 626 168 653 196 0
222 17 2 194 442 373 0
222 18 659 174 748 236 0
222 19 814 192 1240 373 0
222 20 256 185 461 314 0
222 21 232 159 293 302 1
222 23 299 164 327 272 1
222 25 521 174 563 212 0
222 26 636 171 687 210 0
222 60 309 174 344 285 1
222 64 625 168 653 196 0
223 17 2 194 429 373 0
223 18 659 174 751 238 0
223 19 833 194 1240 373 0
223 20 229 183 451 322 0
223 21 213 157 278 307 1
223 23 285 162 315 275 1
223 25 519 174 562 212 0
223 26 636 171 688 211 0
223 60 297 173 334 289 1
223 64 625 167 653 196 0
224 17 2 195 414 373 0
224 18 659 174 755 240 0
224 19 856 196 1240 373 0
224 20 200 184 444 332 0
224 21 193 154 261 311 1
224 23 271 160 302 277 1
224 25 516 173 560 212 0
224 26 636 171 688 211 0
224 60 284 173 323 293 1
224 64 625 167 653 196 0
225 17 2 195 397 373 0
225 18 659 173 758 242 0
225 19 885 199 1240 373 0
225 20 168 184 435 345 0
225 21 166 154 239 321 1
225 23 254 162 287 284 1
225 25 514 173 559 213 0
225 26 635 171 689 212 0
225 60 270 172 312 298 1
225 64 624 168 652 197 0
226 17 2 196 378 373 0
226 18 659 173 762 244 0
226 19 923 203 1240 373 0
226 20 130 185 426 359 0
226 21 135 155 214 331 1
226 23 235 164 270 292 1
226 25 512 173 558 213 0
226 26 635 171 690 213 0
226 60 255 172 299 303 1
226 64 623 169 651 199 0
227 17 2 198 356 373 0
227 18 659 177 766 251 0
227 20 85 185 416 373 0
227 21 101 155 187 343 1
227 23 214 166 252 301 1
227 25 510 173 556 214 0
227 26 634 172 691 215 0
227 60 239 171 285 309 1
227 64 622 170 651 200 0
228 17 2 199 329 373 0
228 18 660 177 772 253 0
228 20 30 186 404 373 0
228 21 62 156 155 356 1
228 23 191 163 232 306 1
228 25 508 173 555 215 0
228 26 634 173 692 217 0
228 60 220 170 270 315 1
228 64 621 171 650 202 0
229 17 2 202 295 373 0
229 18 662 177 779 256 0
229 20 2 186 392 373 0
229 21 19 151 121 366 1
229 23 165 160 209 312 1
229 25 505 173 554 215 0
229 26 633 174 693 218 0
229 60 200 169 253 322 1
229 64 620 171 650 202 0
230 17 2 205 251 373 0
230 18 664 176 785 259 0
230 20 2 187 379 373 0
230 21 2 146 81 373 0
230 23 138 162 185 323 0
230 25 503 173 552 216 0
230 26 633 175 694 220 0
230 60 178 168 235 330 0
230 63 530 179 563 205 0
230 64 620 170 650 202 0
231 18 665 175 791 261 0
231 20 2 187 365 373 0
231 23 107 164 158 335 0
231 25 500 173 551 217 0
231 26 632 176 695 222 0
231 60 152 167 214 339 0
231 63 528 179 562 206 0
231 64 619 170 649 202 0
232 18 666 175 798 264 0
232 20 2 188 348 373 0
232 23 71 166 127 349 0
232 25 497 173 549 218 0
232 26 632 175 696 222 0
232 60 126 166 193 348 0
232 63 526 177 561 204 0
232 64 618 170 649 202 0
233 18 667 174 804 267 0
233 20 2 189 330 373 0
233 23 32 161 94 359 0
233 25 494 173 548 219 0
233 26 632 173 698 221 0
233 60 96 164 169 359 0
233 63 525 176 560 203 0
233 64 618 168 649 201 0
234 18 668 173 812 270 0
234 20 2 189 309 373 0
234 23 2 156 55 370 0
234 25 491 173 546 220 0
234 26 632 172 699 221 0
234 60 62 162 142 371 0
234 63 523 174 558 202 0
234 64 618 167 650 200 0
235 18 670 173 822 275 0
235 20 2 190 284 373 0
235 25 488 173 544 221 0
235 26 633 170 701 220 0
235 60 23 159 111 373 0
235 63 522 174 558 201 0
235 64 618 166 650 199 0
236 18 673 172 832 279 0
236 20 2 191 255 373 0
236 25 485 173 543 222 0
236 26 633 168 703 219 0
236 60 2 157 76 373 0
236 63 521 173 557 201 0
236 64 617 165 650 198 0
237 18 676 172 843 284 0
237 20 2 193 220 373 0
237 25 482 173 541 223 0
237 26 634 165 706 218 0
237 60 2 153 34 373 0
237 63 520 172 556 201 0
237 64 617 163 650 198 0
238 18 679 171 855 289 0
238 20 2 194 178 373 0
238 25 478 173 539 224 0
238 26 635 167 709 220 0
238 60 2 156 2 373 0
238 63 519 173 556 202 0
238 64 618 164 651 199 0
239 18 682 171 869 295 0
239 20 2 196 126 373 0
239 25 475 173 537 225 0
239 26 637 168 712 223 0
239 60 2 160 2 373 0
239 63 518 173 557 203 0
239 64 618 165 652 200 0
240 18 685 170 884 301 0
240 24 2 185 241 269 0
240 25 474 172 537 226 0
240 26 638 170 716 225 0
240 63 517 174 557 203 0
240 64 619 167 653 202 0
241 18 689 169 901 308 0
241 24 2 185 230 271 0
241 25 473 172 537 226 0
241 26 640 171 719 228 0
241 63 516 174 557 204 0
241 64 620 167 655 202 0
242 18 694 171 917 317 0
242 24 2 186 224 275 0
242 25 472 171 537 227 0
242 26 642 170 722 228 0
242 63 516 175 558 205 0
242 64 622 167 657 203 0
243 18 699 172 935 327 0
243 24 2 187 216 279 0
243 25 472 171 537 227 0
243 26 643 168 725 228 0
243 63 517 175 560 206 0
243 64 624 167 659 203 0
244 18 706 171 956 334 0
244 24 2 187 209 282 0
244 25 471 171 536 228 0
244 26 645 167 728 227 0
244 63 517 176 562 207 0
244 64 625 167 661 204 0
245 18 713 169 979 341 0
245 24 2 189 203 287 0
245 25 470 170 536 228 0
245 26 647 165 731 227 0
245 63 520 173 562 205 0
245 64 629 163 665 201 0
246 18 721 168 1005 350 0
246 24 2 190 197 291 0
246 25 474 169 542 229 0
246 26 654 167 740 230 0
246 63 522 171 563 203 0
246 64 632 159 668 197 0
247 18 729 166 1034 360 0
247 24 2 191 191 295 0
247 25 479 168 548 229 0
247 26 661 168 749 232 0
247 63 528 174 568 206 0
247 64 638 163 675 201 0
248 18 743 165 1075 373 0
248 24 2 188 191 293 0
248 25 484 168 554 229 0
248 26 668 169 759 234 0
248 63 534 176 573 209 0
248 64 644 166 683 205 0
249 18 758 165 1123 373 0
249 24 2 183 191 290 0
249 25 489 167 560 229 0
249 26 675 170 769 237 0
249 63 543 172 583 205 0
249 64 653 163 693 202 0
250 18 774 165 1178 373 0
250 24 2 179 192 288 0
250 25 494 166 566 229 0
250 26 685 167 783 235 0
250 62 676 167 740 214 0
250 63 552 168 594 201 0
250 64 662 159 704 199 0
251 18 792 164 1240 373 0
251 24 2 185 191 297 0
251 25 499 165 573 230 0
251 26 696 164 797 234 0
251 62 686 168 751 216 0
251 63 561 171 602 204 0
251 64 672 159 715 199 0
252 18 811 164 1240 373 0
252 24 2 191 190 308 0
252 25 511 169 586 235 0
252 26 709 167 814 239 0
252 62 698 168 762 217 0
252 63 569 173 610 207 0
252 64 684 162 728 203 0
253 18 832 163 1240 373 0
253 24 2 198 196 318 0
253 25 524 169 599 236 0
253 26 722 171 833 244 0
253 62 712 172 778 222 0
253 63 582 177 622 211 0
253 64 696 166 741 207 0
254 18 860 160 1240 373 0
254 24 2 205 202 329 0
254 25 537 170 613 238 0
254 26 736 174 852 249 0
254 62 727 176 795 227 0
254 63 595 181 635 215 0
254 64 709 170 755 211 0
255 18 892 156 1240 373 0
255 24 2 201 212 328 0
255 25 550 171 627 240 0
255 26 756 172 877 249 0
255 62 742 173 817 225 0
255 63 611 178 652 212 0
255 64 727 166 772 208 0
256 18 927 151 1240 373 0
256 24 2 197 222 327 0
256 25 564 171 642 242 0
256 26 777 170 903 249 0
256 62 757 170 840 222 0
256 63 626 174 668 209 0
256 64 746 162 790 205 0
257 18 967 143 1240 373 0
257 24 2 194 232 325 0
257 25 582 174 664 246 0
257 26 799 168 930 250 0
257 62 781 171 867 225 0
257 63 645 176 688 212 0
257 64 766 164 811 207 0
258 18 1013 131 1240 373 0
258 24 2 199 248 334 0
258 25 602 175 687 248 0
258 26 826 170 964 255 0
258 62 805 173 896 228 0
258 63 664 179 707 215 0
258 64 786 166 833 210 0
259 18 1065 107 1240 373 0
259 24 2 205 263 343 0
259 25 623 175 712 250 0
259 26 853 173 999 260 0
259 62 830 175 925 232 0
259 63 687 179 732 215 0
259 64 813 167 860 212 0
260 18 1125 49 1240 373 0
260 24 2 210 279 352 0
260 25 644 175 737 252 0
260 26 885 167 1040 258 0
260 62 861 170 958 229 0
260 63 711 179 756 215 0
260 64 840 162 888 208 0
261 24 2 210 304 355 0
261 25 673 174 769 253 0
261 26 918 160 1085 255 0
261 62 892 165 993 225 0
261 63 739 175 784 213 0
261 64 869 157 918 204 0
262 24 3 210 329 358 0
262 25 704 172 803 254 0
262 26 960 157 1142 258 0
262 62 932 163 1038 226 0
262 63 768 171 813 210 0
262 64 905 154 956 203 0
263 24 34 209 355 361 0
263 25 736 171 838 255 0
263 26 1005 153 1205 260 0
263 62 974 161 1087 226 0
263 63 801 169 849 208 0
263 64 943 151 997 201 0
264 24 64 209 382 364 0
264 25 770 169 876 255 0
264 26 1058 153 1240 267 0
264 62 1017 156 1137 225 0
264 64 985 153 1044 204 0
265 24 100 213 414 373 0
265 25 813 172 922 262 0
265 26 1117 153 1240 275 0
265 62 1071 159 1204 232 0
265 64 1031 154 1093 207 0
266 24 136 217 447 373 0
266 25 859 175 971 269 0
266 26 1181 153 1240 285 0
266 62 1130 163 1240 240 0
266 64 1085 156 1155 212 0
267 24 172 216 482 373 0
267 25 906 173 1024 272 0
267 62 1198 160 1240 243 0
267 64 1145 154 1224 213 0
268 24 210 215 519 373 0
268 25 959 171 1088 276 0
268 62 1240 156 1240 245 0
268 64 1210 155 1240 217 0
269 24 248 214 558 373 0
269 25 1017 169 1159 280 0
269 62 1240 152 1240 249 0
270 24 287 213 598 373 0
270 25 1082 166 1240 285 0
270 27 156 221 388 345 0
270 28 78 227 234 320 0
270 29 2 225 122 308 0
271 24 327 212 641 373 0
271 25 1154 163 1240 290 0
271 27 198 218 425 342 0
271 28 125 222 274 314 0
271 29 52 219 170 300 0
272 24 367 211 687 373 0
272 27 239 215 463 339 0
272 28 172 218 314 309 0
272 29 102 214 217 293 0
273 24 403 207 734 373 0
273 27 281 212 501 337 0
273 28 215 215 355 305 0
273 29 151 210 259 286 0
274 24 440 203 785 373 0
274 27 322 209 540 334 0
274 28 259 212 397 302 0
274 29 197 205 300 280 0
275 24 480 199 842 373 0
275 27 361 208 579 336 0
275 28 303 209 439 298 0
275 29 243 201 341 274 0
276 24 519 201 903 373 0
276 27 401 207 620 338 0
276 28 341 208 475 298 0
276 29 285 204 379 277 0
277 24 561 203 972 373 0
277 27 441 206 664 341 0
277 28 380 207 513 299 0
277 29 327 202 419 275 0
278 24 606 205 1051 373 0
278 27 483 205 709 343 0
278 28 419 207 551 299 0
278 29 369 201 459 274 0
279 24 641 205 1134 373 0
279 27 517 205 752 349 0
279 28 458 206 590 299 0
279 29 404 199 492 271 0
280 24 680 205 1237 373 0
280 27 551 205 798 355 0
280 28 498 205 629 299 0
280 29 440 197 527 269 0
280 30 214 198 281 262 0
280 32 113 213 232 308 0
280 33 2 220 178 373 0
280 34 404 205 446 243 0
280 36 278 202 308 230 0
281 24 724 205 1240 373 0
281 27 588 205 848 361 0
281 28 528 204 661 299 0
281 29 476 195 562 267 0
281 30 254 195 319 257 0
281 32 146 213 264 308 0
281 33 2 221 208 373 0
281 34 439 202 481 240 0
281 36 313 201 343 228 0
282 24 773 206 1240 373 0
282 27 616 204 893 368 0
282 28 558 202 695 299 0
282 29 502 194 591 267 0
282 30 284 192 348 253 0
282 32 179 213 296 308 0
282 33 2 221 239 373 0
282 34 466 201 509 239 0
282 36 348 199 377 226 0
283 24 815 207 1240 373 0
283 27 645 204 944 373 0
283 28 590 200 730 299 0
283 29 529 192 620 266 0
283 30 311 191 376 252 0
283 32 202 210 322 305 0
283 33 2 219 261 373 0
283 34 494 199 537 238 0
283 36 376 198 404 225 0
284 24 864 208 1240 373 0
284 27 677 203 1000 373 0
284 28 615 198 762 300 0
284 29 557 191 651 266 0
284 30 339 191 405 251 0
284 32 226 206 349 301 0
284 33 2 217 284 373 0
284 34 522 198 564 236 0
284 36 404 197 431 224 0
285 24 912 210 1240 373 0
285 27 700 203 1054 373 0
285 28 642 195 798 300 0
285 29 580 187 677 262 0
285 30 364 186 427 246 0
285 32 251 203 376 298 0
285 33 2 215 307 373 0
285 34 543 193 589 231 0
285 36 427 192 453 218 0
286 24 970 213 1240 373 0
286 27 726 202 1119 373 0
286 28 663 194 826 302 0
286 29 604 182 705 259 0
286 30 389 181 449 240 0
286 32 263 202 391 298 0
286 33 2 213 318 373 0
286 34 565 189 614 226 0
286 36 450 186 476 211 0
287 24 1042 216 1240 373 0
287 27 755 202 1197 373 0
287 28 684 192 858 305 0
287 29 621 179 727 258 0
287 30 405 178 466 238 0
287 32 276 201 408 299 0
287 33 2 211 330 373 0
287 34 583 185 633 223 0
287 36 467 182 494 207 0
288 27 787 202 1240 373 0
288 28 708 191 892 307 0
288 29 638 178 749 259 0
288 30 421 175 483 236 0
288 32 289 199 424 300 0
288 33 2 210 335 373 0
288 34 601 184 650 223 0
288 36 483 181 509 206 0
289 27 822 201 1240 373 0
289 28 725 189 923 312 0
289 29 656 176 773 260 0
289 30 432 173 495 235 0
289 32 294 197 434 301 0
289 33 2 209 341 373 0
289 34 619 184 667 222 0
289 36 498 181 524 206 0
290 27 847 203 1240 373 0
290 28 744 188 958 317 0
290 29 669 174 789 261 0
290 30 444 171 507 234 0
290 31 660 178 700 256 0
290 32 298 195 444 302 0
290 33 2 208 339 373 0
290 34 629 181 679 220 0
290 36 508 177 535 203 0
291 27 874 206 1240 373 0
291 28 765 186 997 323 0
291 29 681 172 807 262 0
291 30 451 167 517 231 0
291 31 669 177 710 258 0
291 32 297 193 450 303 0
291 33 2 207 337 373 0
291 34 640 178 693 218 0
291 36 518 174 546 200 0
292 27 906 208 1240 373 0
292 28 780 188 1034 336 0
292 29 695 169 826 263 0
292 30 456 167 524 232 0
292 31 679 176 721 260 0
292 32 295 191 456 304 0
292 33 2 205 334 373 0
292 34 649 179 703 219 0
292 36 524 174 553 200 0
293 27 942 212 1240 373 0
293 28 796 189 1078 350 0
293 29 703 170 842 268 0
293 30 462 166 530 233 0
293 31 689 175 733 262 0
293 32 287 192 457 311 0
293 33 2 209 324 373 0
293 34 658 180 715 221 0
293 36 531 175 560 201 0
294 27 981 215 1240 373 0
294 28 814 191 1129 367 0
294 29 712 171 860 274 0
294 30 465 166 535 235 0
294 31 698 177 744 268 0
294 32 278 193 458 319 0
294 33 2 214 313 373 0
294 34 668 180 727 222 0
294 36 538 175 567 201 0
295 27 1030 219 1240 373 0
295 28 834 193 1191 373 0
295 29 722 172 880 280 0
295 30 469 166 540 236 0
295 31 708 179 756 274 0
295 32 267 193 458 328 0
295 33 2 215 292 373 0
295 34 672 180 734 223 0
295 36 542 175 571 202 0
296 27 1091 225 1240 373 0
296 28 856 195 1240 373 0
296 29 732 173 902 288 0
296 30 469 166 543 238 0
296 31 719 181 768 281 0
296 32 248 194 454 339 0
296 33 2 217 267 373 0
296 34 677 180 741 224 0
296 36 546 175 576 202 0
297 29 743 175 926 296 0
297 30 469 166 545 240 0
297 31 731 183 782 289 0
297 32 226 195 449 351 0
297 33 2 219 236 373 0
297 34 683 181 749 227 0
297 36 549 175 580 202 0
298 29 755 176 953 304 0
298 30 468 166 547 243 0
298 31 745 186 798 297 0
298 32 200 197 444 364 0
298 33 2 221 197 373 0
298 34 688 183 757 231 0
298 36 552 174 584 202 0
299 29 765 182 981 320 0
299 30 465 171 548 251 0
299 31 759 189 815 307 0
299 32 170 198 438 373 0
299 33 2 225 145 373 0
299 34 693 188 765 238 0
299 36 553 182 585 210 0
300 29 775 186 1012 338 0
300 30 461 176 549 259 0
300 31 776 192 835 317 0
300 32 126 202 429 373 0
300 34 697 196 771 249 0
300 35 732 196 837 273 0
300 36 554 189 587 218 0
300 38 693 190 746 233 0
300 39 680 191 723 225 0
300 40 670 190 707 220 0
301 29 787 191 1050 359 0
301 30 458 182 549 268 0
301 31 787 190 852 324 0
301 32 70 206 420 373 0
301 34 701 199 779 254 0
301 35 738 198 851 281 0
301 36 556 191 588 222 0
301 38 697 195 753 241 0
301 39 682 194 726 229 0
301 40 673 193 711 224 0
302 29 799 188 1092 369 0
302 30 454 176 549 265 0
302 31 801 188 871 332 0
302 32 2 207 406 373 0
302 34 705 194 786 250 0
302 35 744 193 864 278 0
302 36 556 186 589 216 0
302 38 700 190 757 236 0
302 39 685 189 730 224 0
302 40 675 188 714 219 0
303 29 813 184 1144 373 0
303 30 449 169 548 262 0
303 31 816 185 893 342 0
303 32 2 208 391 373 0
303 34 710 189 794 245 0
303 35 750 187 879 276 0
303 36 557 180 590 210 0
303 38 704 185 762 231 0
303 39 688 184 734 219 0
303 40 677 182 717 213 0
304 29 828 178 1208 373 0
304 30 444 161 548 258 0
304 31 833 182 920 353 0
304 32 2 209 372 373 0
304 34 714 183 803 240 0
304 35 757 181 896 273 0
304 36 558 173 590 204 0
304 38 707 179 768 226 0
304 39 691 178 738 214 0
304 40 679 176 720 208 0
305 29 845 180 1240 373 0
305 30 437 163 547 264 0
305 31 851 183 949 373 0
305 32 2 210 349 373 0
305 34 718 182 811 241 0
305 35 767 182 918 280 0
305 36 558 173 592 204 0
305 38 712 177 775 226 0
305 39 695 176 745 213 0
305 40 681 175 723 207 0
306 29 865 182 1240 373 0
306 30 430 164 546 271 0
306 31 871 185 985 373 0
306 32 2 211 321 373 0
306 34 721 184 821 246 0
306 35 774 186 939 293 0
306 36 558 176 592 208 0
306 38 715 182 781 233 0
306 39 696 180 747 217 0
306 40 683 178 726 211 0
307 29 889 184 1240 373 0
307 30 421 166 545 279 0
307 31 897 187 1031 373 0
307 32 2 213 286 373 0
307 34 725 186 831 251 0
307 35 782 191 962 308 0
307 36 557 180 592 212 0
307 38 717 184 785 237 0
307 39 697 184 750 222 0
307 40 685 182 729 215 0
308 29 917 187 1240 373 0
308 30 410 163 542 282 0
308 31 934 190 1098 373 0
308 32 2 215 240 373 0
308 34 729 188 842 257 0
308 35 790 190 989 314 0
308 36 556 179 592 212 0
308 38 721 184 792 238 0
308 39 700 182 754 222 0
308 40 686 181 732 214 0
309 29 951 190 1240 373 0
309 30 397 159 539 285 0
309 31 983 193 1191 373 0
309 32 2 218 177 373 0
309 34 732 188 850 259 0
309 35 800 189 1019 322 0
309 36 555 176 591 210 0
309 38 724 183 798 238 0
309 39 702 181 758 221 0
309 40 687 179 734 214 0
310 29 993 194 1240 373 0
310 30 383 154 535 289 0
310 31 1048 198 1240 373 0
310 34 734 187 859 261 0
310 35 810 188 1054 330 0
310 36 553 173 590 207 0
310 37 471 175 556 244 0
310 38 727 181 805 238 0
310 39 703 178 762 219 0
310 40 687 177 735 212 0
311 29 1048 199 1240 373 0
311 30 366 149 531 293 0
311 34 736 186 869 264 0
311 35 818 189 1089 344 0
311 36 551 170 590 205 0
311 37 464 171 554 244 0
311 38 730 179 812 238 0
311 39 705 175 765 217 0
311 40 687 174 737 210 0
312 29 1121 205 1240 373 0
312 30 347 143 527 298 0
312 34 739 186 879 269 0
312 35 827 190 1132 360 0
312 36 546 167 586 203 0
312 37 457 169 550 244 0
312 38 730 178 816 239 0
312 39 702 174 764 218 0
312 40 686 176 737 212 0
313 30 321 147 517 314 0
313 34 741 192 889 280 0
313 35 837 197 1183 373 0
313 36 540 171 581 208 0
313 37 442 171 542 250 0
313 38 728 183 816 246 0
313 39 700 180 763 225 0
313 40 685 178 737 215 0
314 30 289 151 506 334 0
314 34 743 198 900 293 0
314 35 847 203 1240 373 0
314 36 533 179 575 217 0
314 37 427 180 534 264 0
314 38 727 189 818 256 0
314 39 698 186 762 232 0
314 40 681 183 734 222 0
315 30 251 156 493 357 0
315 34 745 204 912 307 0
315 35 859 209 1240 373 0
315 36 525 186 569 226 0
315 37 409 188 525 279 0
315 38 725 195 820 266 0
315 39 696 192 762 240 0
315 40 677 188 730 229 0
316 30 205 162 479 373 0
316 34 748 211 926 323 0
316 35 873 216 1240 373 0
316 36 517 189 562 230 0
316 37 391 191 515 288 0
316 38 724 200 823 275 0
316 39 694 196 762 246 0
316 40 672 194 726 236 0
317 30 150 151 465 373 0
317 34 751 204 943 322 0
317 35 889 213 1240 373 0
317 36 510 183 557 224 0
317 37 371 185 506 286 0
317 38 724 197 827 274 0
317 39 692 192 761 243 0
317 40 669 187 724 229 0
318 30 78 137 450 373 0
318 34 754 197 963 320 0
318 35 908 209 1240 373 0
318 36 502 176 551 218 0
318 37 349 177 496 282 0
318 38 723 188 832 267 0
318 39 689 182 761 233 0
318 40 666 180 722 223 0
319 30 2 118 432 373 0
319 34 758 189 985 317 0
319 35 931 205 1240 373 0
319 36 495 169 545 211 0
319 37 326 172 485 285 0
319 38 722 179 836 259 0
319 39 686 175 760 228 0
319 40 662 172 720 216 0
320 30 2 109 410 373 0
320 34 762 189 1011 329 0
320 35 960 208 1240 373 0
320 36 486 169 539 213 0
320 37 300 172 473 294 0
320 38 722 179 842 264 0
320 39 684 174 760 229 0
320 40 659 172 718 217 0
320 41 646 173 693 207 0
321 30 2 96 385 373 0
321 34 766 190 1042 343 0
321 35 997 212 1240 373 0
321 36 477 169 533 214 0
321 37 269 172 459 304 0
321 38 721 180 848 269 0
321 39 681 173 759 230 0
321 40 655 172 716 218 0
321 41 642 173 689 208 0
322 30 2 67 357 373 0
322 34 771 190 1079 360 0
322 35 1044 218 1240 373 0
322 36 468 168 526 215 0
322 37 233 172 444 316 0
322 38 720 181 854 275 0
322 39 678 174 759 233 0
322 40 651 172 713 219 0
322 41 638 173 686 209 0
323 30 2 6 323 373 0
323 34 780 190 1131 373 0
323 35 1108 225 1240 373 0
323 36 460 166 520 214 0
323 37 191 165 431 325 0
323 38 722 178 865 277 0
323 39 675 170 759 230 0
323 40 649 169 712 218 0
323 41 636 170 685 206 0
324 30 2 2 279 373 0
324 34 789 189 1195 373 0
324 36 452 164 515 214 0
324 37 143 169 416 346 0
324 38 724 174 877 280 0
324 39 673 169 759 232 0
324 40 646 166 711 216 0
324 41 633 168 683 206 0
325 30 2 2 220 373 0
325 34 803 194 1240 373 0
325 36 445 170 511 221 0
325 37 82 175 400 373 0
325 38 728 176 893 289 0
325 39 674 172 764 238 0
325 40 646 173 713 224 0
325 41 631 172 683 210 0
326 30 2 2 140 373 0
326 34 819 200 1240 373 0
326 36 439 180 507 233 0
326 37 2 188 381 373 0
326 38 735 182 915 304 0
326 39 676 181 770 249 0
326 40 646 180 715 233 0
326 41 631 181 685 220 0
327 34 838 207 1240 373 0
327 36 433 188 503 245 0
327 37 2 201 358 373 0
327 38 742 188 941 323 0
327 39 677 188 776 261 0
327 40 645 186 718 243 0
327 41 630 188 687 230 0
328 34 863 210 1240 373 0
328 36 426 192 500 251 0
328 37 2 202 335 373 0
328 38 750 194 971 344 0
328 39 681 190 785 268 0
328 40 647 185 723 243 0
328 41 632 191 691 234 0
329 34 894 212 1240 373 0
329 36 421 187 497 248 0
329 37 2 204 307 373 0
329 38 761 193 1009 357 0
329 39 685 186 794 267 0
329 40 650 183 729 243 0
329 41 633 187 693 231 0
330 34 933 216 1240 373 0
330 36 415 183 495 244 0
330 37 2 205 273 373 0
330 38 773 191 1056 373 0
330 39 689 182 805 265 0
330 40 652 181 735 243 0
330 41 634 183 696 227 0
330 42 453 184 514 228 0
330 44 487 183 527 213 0
330 47 757 167 828 202 0
331 34 985 221 1240 373 0
331 36 408 183 492 247 0
331 37 2 207 232 373 0
331 38 787 189 1114 373 0
331 39 695 181 820 270 0
331 40 655 179 742 244 0
331 41 635 182 699 228 0
331 42 449 183 513 229 0
331 44 484 181 526 212 0
331 47 760 166 832 201 0
332 36 401 183 489 249 0
332 37 2 209 179 373 0
332 38 802 192 1186 373 0
332 39 703 181 836 275 0
332 40 657 178 750 245 0
332 41 636 181 703 228 0
332 42 446 183 512 229 0
332 44 483 181 525 212 0
332 47 763 164 837 200 0
333 36 394 189 487 260 0
333 38 819 194 1240 373 0
333 39 707 183 850 283 0
333 40 661 183 758 255 0
333 41 639 185 709 235 0
333 42 441 189 510 239 0
333 44 482 186 525 218 0
333 47 764 166 838 202 0
334 36 387 196 484 272 0
334 38 843 202 1240 373 0
334 39 715 191 869 300 0
334 40 664 189 768 265 0
334 41 642 190 715 242 0
334 42 435 196 508 248 0
334 44 481 194 525 228 0
334 47 769 173 845 210 0
335 36 380 203 482 284 0
335 38 871 212 1240 373 0
335 39 723 199 890 320 0
335 40 668 197 779 280 0
335 41 645 199 721 255 0
335 42 430 205 507 261 0
335 44 480 200 525 235 0
335 47 774 181 851 218 0
336 36 372 200 481 285 0
336 38 909 211 1240 373 0
336 39 731 197 914 326 0
336 40 672 195 789 282 0
336 41 648 198 727 256 0
336 42 428 202 507 259 0
336 44 480 199 526 235 0
336 47 780 178 859 216 0
337 36 360 186 477 270 0
337 38 958 209 1240 373 0
337 39 740 184 942 319 0
337 40 677 182 800 269 0
337 41 650 183 734 239 0
337 42 423 187 506 243 0
337 44 480 185 527 220 0
337 47 785 166 866 205 0
338 36 348 166 473 254 0
338 38 1023 207 1240 373 0
338 39 750 166 974 312 0
338 40 683 164 813 255 0
338 41 653 163 741 221 0
338 42 418 169 505 225 0
338 44 479 165 528 200 0
338 47 790 145 873 186 0
339 36 337 155 470 247 0
339 38 1116 203 1240 373 0
339 39 765 154 1018 315 0
339 40 689 150 828 247 0
339 41 657 152 750 213 0
339 42 411 157 502 216 0
339 44 476 155 526 191 0
339 47 795 133 879 174 0
340 36 322 165 467 263 0
340 39 774 160 1063 340 0
340 40 695 159 845 262 0
340 41 661 159 757 223 0
340 42 406 166 501 227 0
340 43 448 161 506 207 0
340 44 475 163 527 200 0
340 45 653 157 721 205 0
340 47 800 140 887 181 0
341 36 305 185 462 291 0
341 39 791 182 1128 373 0
341 40 702 178 864 289 0
341 41 663 180 765 247 0
341 42 398 186 499 251 0
341 43 445 180 506 227 0
341 44 474 182 527 221 0
341 45 656 176 726 226 0
341 47 806 158 895 200 0
342 36 286 202 457 323 0
342 39 812 201 1213 373 0
342 40 708 189 885 312 0
342 41 668 195 776 270 0
342 42 393 203 499 275 0
342 43 442 197 505 250 0
342 44 473 201 528 243 0
342 45 659 194 731 248 0
342 47 812 176 903 219 0
343 36 264 205 451 335 0
343 39 834 199 1240 373 0
343 40 715 200 911 339 0
343 41 673 203 788 284 0
343 42 386 211 498 288 0
343 43 441 205 506 260 0
343 44 471 206 527 250 0
343 45 662 199 738 257 0
343 47 818 181 911 225 0
344 36 238 207 445 350 0
344 39 860 196 1240 373 0
344 40 723 194 941 344 0
344 41 676 196 798 279 0
344 42 376 206 494 285 0
344 43 438 203 506 259 0
344 44 470 203 528 248 0
344 45 666 193 745 251 0
344 47 824 173 919 218 0
345 36 211 203 438 355 0
345 39 894 194 1240 373 0
345 40 733 188 977 350 0
345 41 680 189 810 273 0
345 42 365 200 491 282 0
345 43 434 196 504 253 0
345 44 467 195 527 240 0
345 45 670 187 752 246 0
345 47 830 164 928 210 0
346 36 179 198 431 360 0
346 39 938 192 1240 373 0
346 40 743 184 1021 362 0
346 41 686 182 827 270 0
346 42 353 194 487 279 0
346 43 429 188 502 246 0
346 44 465 187 527 232 0
346 45 673 182 760 242 0
346 47 837 158 937 205 0
347 36 135 195 421 373 0
347 40 754 178 1076 373 0
347 41 691 179 844 273 0
347 42 341 192 484 280 0
347 43 422 185 499 245 0
347 44 462 183 527 229 0
347 45 677 176 768 237 0
347 47 844 152 947 200 0
348 36 81 193 408 373 0
348 40 769 176 1149 373 0
348 41 696 175 863 276 0
348 42 326 188 481 281 0
348 43 415 182 497 244 0
348 44 459 179 526 226 0
348 45 681 173 776 237 0
348 47 850 148 956 197 0
349 36 13 198 394 373 0
349 40 785 175 1240 373 0
349 41 705 177 887 285 0
349 42 309 193 477 294 0
349 43 409 183 495 248 0
349 44 455 182 525 231 0
349 45 685 176 785 244 0
349 47 857 151 966 201 0
350 36 2 204 378 373 0
350 40 806 184 1240 373 0
350 41 711 183 910 301 0
350 42 288 198 473 309 0
350 43 402 188 492 257 0
350 44 451 188 523 240 0
350 45 689 180 796 250 0
350 46 678 178 746 230 0
350 47 866 158 978 209 0
350 48 637 179 674 205 0
350 49 595 182 626 200 0
350 52 561 180 598 195 0
350 56 530 178 545 196 0
351 36 2 211 358 373 0
351 40 833 192 1240 373 0
351 41 717 189 937 321 0
351 42 265 204 467 326 0
351 43 394 193 489 267 0
351 44 447 194 522 249 0
351 45 693 184 806 260 0
351 46 681 185 752 240 0
351 47 875 165 991 218 0
351 48 638 186 677 212 0
351 49 596 188 627 207 0
351 52 562 186 600 202 0
351 56 528 185 544 203 0
352 36 2 211 332 373 0
352 40 866 196 1240 373 0
352 41 724 196 969 345 0
352 42 235 204 460 337 0
352 43 385 199 486 278 0
352 44 441 198 520 255 0
352 45 698 190 817 271 0
352 46 683 188 757 245 0
352 47 881 166 1002 221 0
352 48 640 189 679 216 0
352 49 597 191 629 210 0
352 52 563 189 601 206 0
352 56 526 188 540 207 0
353 36 2 212 301 373 0
353 40 910 200 1240 373 0
353 41 733 193 1011 356 0
353 42 200 204 452 349 0
353 43 371 194 480 276 0
353 44 435 193 518 252 0
353 45 702 185 829 270 0
353 46 687 183 764 242 0
353 47 888 164 1012 220 0
353 48 641 184 680 211 0
353 49 596 188 628 207 0
353 52 562 184 600 200 0
353 56 522 183 538 202 0
354 36 2 214 261 373 0
354 40 971 206 1240 373 0
354 41 742 189 1062 371 0
354 42 155 199 441 356 0
354 43 357 189 474 274 0
354 44 428 188 515 248 0
354 45 707 181 843 268 0
354 46 691 178 771 238 0
354 47 895 158 1024 216 0
354 48 641 178 681 206 0
354 49 596 182 628 201 0
354 52 561 178 600 195 0
354 56 518 177 535 196 0
355 36 2 215 210 373 0
355 40 1060 215 1240 373 0
355 41 753 185 1129 373 0
355 42 102 193 428 365 0
355 43 340 183 466 271 0
355 44 418 183 511 245 0
355 45 712 175 860 268 0
355 46 693 172 777 235 0
355 47 903 152 1036 211 0
355 48 641 172 682 201 0
355 49 596 176 629 194 0
355 52 560 173 599 190 0
355 56 514 171 532 191 0
356 36 2 217 141 373 0
356 41 765 189 1218 373 0
356 42 35 197 414 373 0
356 43 323 187 459 283 0
356 44 408 185 506 250 0
356 45 717 179 878 279 0
356 46 696 175 783 240 0
356 47 910 154 1048 216 0
356 48 641 176 683 205 0
356 49 595 177 629 197 0
356 52 559 174 598 191 0
356 56 510 173 529 193 0
357 41 778 194 1240 373 0
357 42 2 201 398 373 0
357 43 302 191 451 295 0
357 44 398 190 501 260 0
357 45 722 183 898 292 0
357 46 698 178 790 247 0
357 47 917 157 1060 220 0
357 48 641 180 683 210 0
357 49 594 182 629 202 0
357 52 558 179 598 196 0
357 56 507 178 526 198 0
358 41 795 200 1240 373 0
358 42 2 207 378 373 0
358 43 279 196 442 310 0
358 44 386 196 496 271 0
358 45 728 187 921 307 0
358 46 701 185 798 258 0
358 47 926 158 1075 223 0
358 48 640 184 684 214 0
358 49 594 187 628 207 0
358 52 556 184 597 202 0
358 56 503 182 523 203 0
359 41 816 201 1240 373 0
359 42 2 213 354 373 0
359 43 250 197 432 320 0
359 44 372 195 491 274 0
359 45 734 186 949 317 0
359 46 704 186 806 263 0
359 47 936 159 1091 226 0
359 48 640 182 684 214 0
359 49 592 185 628 205 0
359 52 555 184 596 202 0
359 56 500 182 520 204 0
360 41 842 203 1240 373 0
360 42 2 220 326 373 0
360 43 217 197 420 333 0
360 44 357 194 485 277 0
360 45 741 185 982 329 0
360 46 708 182 817 263 0
360 47 944 154 1106 224 0
360 48 639 181 685 213 0
360 49 591 183 627 203 0
360 52 554 181 594 199 0
360 56 497 180 515 202 0
361 41 875 206 1240 373 0
361 42 2 227 291 373 0
361 43 177 199 406 349 0
361 44 341 193 478 281 0
361 45 749 184 1023 344 0
361 46 713 178 829 262 0
361 47 954 150 1122 222 0
361 48 640 177 686 210 0
361 49 589 180 626 201 0
361 52 552 178 593 196 0
361 56 494 177 510 200 0
362 41 920 210 1240 373 0
362 42 2 234 248 373 0
362 43 129 202 390 369 0
362 44 323 195 472 289 0
362 45 759 184 1074 363 0
362 46 717 179 842 268 0
362 47 963 148 1139 222 0
362 48 641 178 688 211 0
362 49 589 181 626 203 0
362 52 551 179 593 197 0
362 56 493 178 508 201 0
363 41 983 215 1240 373 0
363 42 2 245 191 373 0
363 43 68 205 371 373 0
363 44 303 197 465 298 0
363 45 771 184 1139 373 0
363 46 722 179 857 274 0
363 47 974 145 1157 222 0
363 48 642 178 690 212 0
363 49 588 183 626 204 0
363 52 551 180 593 198 0
363 56 491 179 505 202 0
364 42 2 259 114 373 0
364 43 2 208 349 373 0
364 44 279 199 457 309 0
364 45 785 184 1226 373 0
364 46 728 180 874 282 0
364 47 988 143 1181 223 0
364 48 642 178 692 213 0
364 49 588 184 627 205 0
364 52 550 181 593 199 0
364 56 489 180 503 204 0
365 43 2 210 328 373 0
365 44 254 199 449 317 0
365 45 801 184 1240 373 0
365 46 734 177 894 287 0
365 47 1003 141 1206 225 0
365 48 644 179 694 214 0
365 49 588 182 627 204 0
365 52 550 179 593 198 0
365 56 486 179 501 203 0
366 43 2 212 302 373 0
366 44 224 198 440 327 0
366 45 820 184 1240 373 0
366 46 741 175 918 294 0
366 47 1019 138 1234 226 0
366 48 645 176 697 213 0
366 49 589 180 628 202 0
366 52 549 177 593 196 0
366 56 484 178 498 203 0
367 43 2 214 271 373 0
367 44 188 198 429 338 0
367 45 843 183 1240 373 0
367 46 752 173 948 303 0
367 47 1037 136 1240 227 0
367 48 646 174 699 211 0
367 49 590 178 629 201 0
367 52 549 174 594 193 0
367 56 483 176 497 202 0
368 43 2 217 233 373 0
368 44 148 200 419 355 0
368 45 869 186 1240 373 0
368 46 761 171 981 313 0
368 47 1056 133 1240 229 0
368 48 647 172 702 209 0
368 49 591 176 630 199 0
368 52 549 173 594 192 0
368 56 482 174 496 200 0
369 43 2 221 184 373 0
369 44 98 202 408 373 0
369 45 902 189 1240 373 0
369 46 772 168 1020 325 0
369 47 1077 129 1240 230 0
369 48 648 172 705 211 0
369 49 590 178 631 202 0
369 52 549 173 594 192 0
369 56 481 176 495 204 0
370 44 37 206 393 373 0
370 45 944 194 1240 373 0
370 46 784 174 1064 348 0
370 47 1100 126 1240 232 0
370 48 650 176 708 216 0
370 49 590 181 631 205 0
370 50 780 173 912 226 0
370 52 549 177 595 197 0
370 56 481 179 494 207 0
371 44 2 212 377 373 0
371 46 796 181 1117 373 0
371 48 651 180 711 221 0
371 49 589 184 631 208 0
371 50 785 178 923 233 0
371 52 549 182 596 202 0
371 56 480 182 492 210 0
372 44 2 213 359 373 0
372 46 811 187 1185 373 0
372 48 652 184 715 227 0
372 49 589 186 632 211 0
372 50 791 179 934 236 0
372 52 548 183 595 204 0
372 56 479 185 491 214 0
373 44 2 214 338 373 0
373 46 828 186 1240 373 0
373 48 652 181 717 224 0
373 49 586 185 633 210 0
373 50 798 180 947 240 0
373 52 547 180 595 201 0
373 56 477 182 490 212 0
374 44 2 215 313 373 0
374 46 848 184 1240 373 0
374 48 652 177 718 221 0
374 49 586 181 632 206 0
374 50 803 176 957 237 0
374 52 546 177 594 197 0
374 56 474 179 489 210 0
375 44 2 217 283 373 0
375 46 872 181 1240 373 0
375 48 652 173 720 219 0
375 49 584 177 631 203 0
375 50 809 171 968 234 0
375 52 544 174 593 195 0
375 56 472 176 488 208 0
376 44 2 222 248 373 0
376 46 895 186 1240 373 0
376 48 653 172 723 218 0
376 49 581 174 630 200 0
376 50 813 170 978 236 0
376 52 542 171 591 192 0
376 56 470 172 488 205 0
377 44 2 228 206 373 0
377 46 924 192 1240 373 0
377 48 653 171 725 218 0
377 49 581 173 629 200 0
377 50 817 170 989 238 0
377 52 539 172 589 193 0
377 56 467 172 485 206 0
378 44 2 235 153 373 0
378 46 959 200 1240 373 0
378 48 650 173 724 222 0
378 49 577 178 625 205 0
378 50 821 174 1000 245 0
378 52 535 174 586 195 0
378 56 465 175 483 211 0
379 44 2 245 84 373 0
379 48 648 176 724 226 0
379 49 573 180 622 207 0
379 50 826 179 1012 252 0
379 52 532 176 583 198 0
379 56 462 179 480 216 0
380 48 645 179 723 231 0
380 49 569 181 619 209 0
380 50 830 179 1022 254 0
380 51 1055 175 1240 254 0
380 52 528 179 580 201 0
380 56 458 181 476 218 1
380 57 611 176 667 200 0
381 48 641 179 721 232 0
381 49 566 183 616 212 0
381 50 833 178 1033 256 0
381 51 1064 174 1240 256 0
381 52 523 179 575 201 0
381 56 454 183 472 221 1
381 57 608 176 664 200 0
382 48 638 179 720 233 0
382 49 563 183 612 212 0
382 50 836 176 1044 257 0
382 51 1074 173 1240 257 0
382 52 518 178 571 201 0
382 56 450 182 469 222 1
382 57 604 176 661 200 0
383 48 635 174 719 229 0
383 49 558 177 607 206 0
383 50 841 172 1058 256 0
383 51 1086 168 1240 256 0
383 52 513 173 567 196 0
383 56 446 177 465 218 1
383 57 600 170 658 195 0
384 48 632 168 718 225 0
384 49 553 170 603 200 0
384 50 847 167 1073 254 0
384 51 1098 164 1240 255 0
384 52 508 167 563 190 0
384 56 442 169 461 212 1
384 57 596 165 654 189 0
385 48 629 162 717 220 0
385 49 549 165 600 195 0
385 50 852 163 1088 254 0
385 51 1111 159 1240 254 0
385 52 503 161 559 184 0
385 56 438 164 457 208 1
385 57 592 159 651 184 0
386 48 625 161 716 221 0
386 49 545 165 596 196 0
386 50 857 160 1103 255 0
386 51 1125 153 1240 253 0
386 52 499 161 555 184 0
386 56 434 164 453 210 1
386 57 589 158 648 184 0
387 48 622 160 715 221 0
387 49 542 165 593 196 0
387 50 862 162 1120 261 0
387 51 1138 159 1240 262 0
387 52 495 161 551 184 0
387 56 429 165 448 213 1
387 57 585 158 644 184 0
388 48 618 163 714 226 0
388 49 538 167 590 199 0
388 50 868 165 1138 269 0
388 51 1153 164 1240 272 0
388 52 489 162 546 186 0
388 56 423 165 443 215 1
388 57 582 161 642 187 0
389 48 615 166 713 231 0
389 49 533 169 586 201 0
389 50 875 168 1159 277 0
389 51 1169 170 1240 283 0
389 52 484 166 542 190 0
389 56 416 168 438 220 1
389 57 579 164 639 190 0
390 48 611 169 712 237 0
390 49 529 173 582 206 0
390 50 881 172 1181 285 0
390 52 480 169 538 194 0
390 56 410 170 433 225 1
390 57 575 168 636 194 0
390 59 674 168 715 188 0
391 48 609 172 714 242 0
391 49 524 178 578 211 0
391 50 892 174 1211 294 0
391 52 475 173 534 198 0
391 56 403 173 428 230 1
391 57 571 171 633 197 0
391 59 672 171 714 191 0
392 48 608 175 716 247 0
392 49 523 180 576 214 0
392 50 904 176 1240 303 0
392 52 470 176 530 201 0
392 56 395 176 422 236 1
392 57 568 174 631 201 0
392 59 671 173 713 194 0
393 48 606 179 718 253 0
393 49 521 183 574 217 0
393 50 918 178 1240 313 0
393 52 470 177 531 203 0
393 56 390 180 419 243 1
393 57 568 176 632 204 0
393 59 669 176 712 196 0
394 48 610 180 724 257 0
394 49 523 184 577 220 0
394 50 938 180 1240 325 0
394 52 471 178 533 205 0
394 56 384 183 415 250 1
394 57 569 179 634 207 0
394 59 673 177 717 198 0
395 48 614 181 731 261 0
395 49 525 186 579 223 0
395 50 961 183 1240 338 0
395 52 472 180 535 207 0
395 56 380 182 414 253 1
395 57 573 179 639 208 0
395 59 678 177 722 198 0
396 48 620 179 742 261 0
396 49 529 183 584 220 0
396 50 988 182 1240 351 0
396 52 476 177 539 204 0
396 56 376 181 413 256 1
396 57 577 175 644 204 0
396 59 685 175 729 196 0
397 48 626 176 753 262 0
397 49 533 179 590 216 0
397 50 1018 182 1240 366 0
397 52 480 174 544 201 0
397 56 371 179 412 259 1
397 57 582 172 650 200 0
397 59 692 173 737 194 0
398 48 633 173 765 262 0
398 49 537 177 595 215 0
398 50 1054 181 1240 373 0
398 52 484 171 548 198 0
398 56 366 177 411 263 1
398 57 589 170 658 199 0
398 59 699 170 745 192 0
399 48 641 175 780 269 0
399 49 544 179 602 217 0
399 50 1095 180 1240 373 0
399 52 490 172 555 200 0
399 56 359 175 409 267 1
399 57 597 170 666 199 0
399 59 707 171 753 193 0
400 48 649 177 795 276 0
400 49 550 180 610 219 0
400 50 1143 180 1240 373 0
400 52 496 174 561 201 0
400 56 349 177 405 276 1
400 57 604 172 674 201 0
400 58 658 171 720 198 0
400 59 715 172 762 195 0
401 48 657 180 813 284 0
401 49 556 182 618 222 0
401 52 502 175 568 203 0
401 56 338 179 400 287 1
401 57 612 174 683 204 0
401 58 666 173 729 201 0
401 59 723 176 771 199 0
402 48 667 182 832 292 0
402 49 562 186 625 228 0
402 52 509 180 576 209 0
402 56 324 182 394 300 1
402 57 619 178 690 210 0
402 58 675 179 738 206 0
402 59 732 180 780 204 0
403 48 678 186 854 304 0
403 49 568 191 632 234 0
403 52 516 185 584 214 0
403 56 308 184 388 316 1
403 57 626 183 699 215 0
403 58 683 184 747 212 0
403 59 741 184 790 208 0
404 48 689 191 879 318 0
404 49 576 192 641 236 0
404 52 521 186 590 216 0
404 56 287 187 380 335 1
404 57 635 184 709 217 0
404 58 691 185 756 215 0
404 59 751 185 800 210 0
405 48 699 186 903 320 0
405 49 582 188 649 233 0
405 52 526 182 596 212 0
405 56 252 185 363 353 1
405 57 643 181 717 214 0
405 58 700 182 766 211 0
405 59 760 182 810 207 0
406 48 710 181 930 322 0
406 49 588 185 658 230 0
406 52 532 178 602 208 0
406 56 206 179 341 372 1
406 57 650 177 726 211 0
406 58 709 178 776 208 0
406 59 770 179 820 204 0
407 48 722 173 962 324 0
407 49 594 176 664 222 0
407 52 538 170 609 200 0
407 56 141 170 314 373 1
407 57 656 168 733 201 0
407 58 715 168 784 198 0
407 59 778 169 829 194 0
408 48 735 163 999 327 0
408 49 599 166 671 213 0
408 52 541 159 614 189 0
408 56 33 160 274 373 1
408 57 663 158 741 192 0
408 58 723 158 793 188 0
408 59 786 159 838 184 0
409 48 750 159 1044 337 0
409 49 602 161 676 209 0
409 52 544 154 618 185 0
409 56 2 144 216 373 1
409 57 666 154 746 189 0
409 58 730 153 801 184 0
409 59 794 155 848 181 0
410 48 762 163 1089 361 0
410 49 605 163 681 212 0
410 52 547 154 622 186 0
410 57 671 158 752 193 0
410 58 734 157 806 188 0
410 59 799 158 853 184 0
410 65 837 152 899 182 0
411 48 775 169 1145 373 0
411 49 609 169 686 220 0
411 52 549 163 625 195 0
411 57 675 162 758 197 0
411 58 739 161 812 193 0
411 59 805 163 860 189 0
411 65 843 158 906 189 0
412 48 790 176 1215 373 0
412 49 611 181 690 234 0
412 52 550 175 626 208 0
412 57 678 172 762 209 0
412 58 743 172 817 204 0
412 59 811 172 866 199 0
412 65 848 165 912 197 0
413 48 807 183 1240 373 0
413 49 613 192 695 248 0
413 52 550 187 628 221 0
413 57 680 183 766 221 0
413 58 747 182 823 216 0
413 59 814 182 870 210 0
413 65 855 176 920 208 0
414 48 825 185 1240 373 0
414 49 616 197 700 257 0
414 52 553 192 632 227 0
414 57 685 188 772 227 0
414 58 752 188 830 223 0
414 59 822 189 879 218 0
414 65 861 182 927 216 0
415 48 847 186 1240 373 0
415 49 618 196 706 258 0
415 52 554 188 634 223 0
415 57 689 187 778 227 0
415 58 758 187 836 222 0
415 59 828 189 886 218 0
415 65 868 182 935 215 0
416 48 873 188 1240 373 0
416 49 620 190 712 252 0
416 52 554 184 636 220 0
416 57 692 181 783 221 0
416 58 761 179 840 215 0
416 59 834 181 892 210 0
416 65 875 173 942 207 0
417 48 904 191 1240 373 0
417 49 623 183 718 246 0
417 52 555 180 639 216 0
417 57 695 174 788 215 0
417 58 765 172 845 207 0
417 59 840 173 899 203 0
417 65 882 164 951 198 0
418 48 944 194 1240 373 0
418 49 624 180 722 245 0
418 52 557 175 642 211 0
418 57 696 168 791 210 0
418 58 771 166 853 202 0
418 59 845 167 906 197 0
418 65 886 159 958 194 0
419 48 996 197 1240 373 0
419 49 625 179 728 246 0
419 52 557 173 644 211 0
419 57 700 169 797 211 0
419 58 776 166 860 203 0
419 59 851 167 913 197 0
419 65 891 158 966 193 0
420 48 1065 203 1240 373 0
420 49 628 180 735 250 0
420 52 558 172 646 210 0
420 57 703 169 803 212 0
420 58 780 167 866 205 0
420 59 856 168 919 199 0
420 65 898 159 974 195 0
421 49 631 180 743 254 0
421 52 559 171 649 210 0
421 57 707 169 809 214 0
421 58 785 167 873 206 0
421 59 862 169 926 201 0
421 65 905 160 982 197 0
422 49 633 181 752 258 0
422 52 560 171 652 210 0
422 57 711 170 815 215 0
422 58 790 168 881 207 0
422 59 869 169 934 201 0
422 65 911 161 990 198 0
423 49 637 180 761 261 0
423 52 562 171 655 211 0
423 57 717 169 823 215 0
423 58 797 167 890 207 0
423 59 875 168 943 201 0
423 65 920 160 1000 198 0
424 49 641 179 769 264 0
424 52 563 170 659 211 0
424 57 723 168 832 216 0
424 58 805 166 899 207 0
424 59 883 168 952 201 0
424 65 930 159 1011 198 0
425 49 645 178 779 266 0
425 52 565 170 662 212 0
425 57 729 167 841 216 0
425 58 813 165 908 207 0
425 59 893 167 964 201 0
425 65 939 158 1022 197 0
426 49 651 179 793 272 0
426 52 566 169 666 212 0
426 57 736 166 850 217 0
426 58 821 164 918 207 0
426 59 903 166 976 201 0
426 65 949 157 1033 197 0
427 49 658 179 809 278 0
427 52 571 169 672 213 0
427 57 743 165 859 217 0
427 58 830 163 929 207 0
427 59 914 165 989 201 0
427 65 960 156 1045 197 0
428 49 666 179 826 284 0
428 52 575 169 679 214 0
428 57 752 165 872 218 0
428 58 841 163 943 208 0
428 59 925 164 1002 201 0
428 65 973 156 1061 198 0
429 49 675 179 844 290 0
429 52 580 169 686 215 0
429 57 761 165 885 219 0
429 58 853 163 957 209 0
429 59 939 164 1017 202 0
429 65 988 156 1076 199 0
430 49 684 179 865 297 0
430 52 585 169 693 216 0
430 57 771 164 899 220 0
430 58 865 163 972 211 0
430 59 954 165 1034 204 0
430 65 1002 156 1093 200 0
431 49 694 180 889 305 0
431 52 590 169 700 217 0
431 57 782 163 913 221 0
431 58 879 163 988 212 0
431 59 969 165 1051 205 0
431 65 1018 156 1110 201 0
432 49 705 180 916 314 0
432 52 595 169 708 218 0
432 57 794 162 928 222 0
432 58 893 163 1005 214 0
432 59 985 165 1069 206 0
432 65 1034 156 1129 202 0
